# Integrated hydrophobe-CM interaction
## Rc=20 A

GOLD-NP
N  1499 R 20.01 34.99

1 20.010000 184371181777368875008.000000 31586891042034483200.000000000000000 
2 20.020000 1438724618171628288.000000 246463299997081600.000000000000000 
3 20.030000 84107294661783984.000000 14406852037640000.000000000000000 
4 20.040000 11213921394179116.000000 1920675044991900.000000000000000 
5 20.050000 2348997819704269.500000 402290763103250.000000000000000 
6 20.060000 654800927712819.875000 112131569618756.250000000000000 
7 20.070000 222319394468207.406250 38067752903092.187500000000000 
8 20.080000 87202615665587.437500 14930377393915.625000000000000 
9 20.090000 38190719667706.250000 6538236208345.703125000000000 
10 20.100000 18245324575667.796875 3123316216612.109375000000000 
11 20.110000 9351885493813.982422 1600756409953.808593750000000 
12 20.120000 5080141805984.208984 869488253241.064453125000000 
13 20.130000 2897596245073.916992 495892657007.592773437500000 
14 20.140000 1722828562323.812012 294817936968.859863281250000 
15 20.150000 1061687426573.747681 181664745671.453857421875000 
16 20.160000 674983227579.366211 115485966495.251464843750000 
17 20.170000 441050156603.709045 75454748021.881103515625000 
18 20.180000 295270910166.012390 50510506776.504516601562500 
19 20.190000 201999808557.391632 34552112243.708801269531250 
20 20.200000 140901091907.879944 24099092813.479614257812500 
21 20.210000 100020178817.783096 17105539058.654785156250000 
22 20.220000 72137731836.515778 12336004965.459442138671875 
23 20.230000 52786777851.937553 9026101888.991928100585938 
24 20.240000 39141752538.865181 6692347504.112243652343750 
25 20.250000 29379070330.758293 5022726346.724319458007812 
26 20.260000 22299956775.915104 3812140110.326957702636719 
27 20.270000 17102935263.723963 2923472167.159175872802734 
28 20.280000 13243736205.249683 2263614288.258266448974609 
29 20.290000 10347386984.058668 1768423612.635326385498047 
30 20.300000 8152072344.774929 1393116587.038183212280273 
31 20.310000 6472697001.235596 1106034456.251764297485352 
32 20.320000 5176876521.511284 884535453.273248672485352 
33 20.330000 4168893393.235421 712249913.674116134643555 
34 20.340000 3378834006.011599 577221858.981609344482422 
35 20.350000 2755142490.905442 470635187.854075431823730 
36 20.360000 2259457416.064037 385930435.766410827636719 
37 20.370000 1862992381.579955 318185665.201210975646973 
38 20.380000 1543972789.026572 263678038.433313369750977 
39 20.390000 1285802982.187036 219570331.374228000640869 
40 20.400000 1075743635.776102 183684729.251563549041748 
41 20.410000 903949066.490940 154338187.078052759170532 
42 20.420000 762760759.445142 130221613.904476165771484 
43 20.430000 646184872.962459 110310523.868072032928467 
44 20.440000 549502943.604657 93798468.193894624710083 
45 20.450000 468979786.522496 80047089.584076404571533 
46 20.460000 401642849.689821 68548396.152845025062561 
47 20.470000 345114473.012951 58896082.393616437911987 
48 20.480000 297483585.410932 50763593.969911336898804 
49 20.490000 257206992.336840 43887252.201583981513977 
50 20.500000 223033003.336444 38053198.328705132007599 
51 20.510000 193942026.305045 33087238.676121830940247 
52 20.520000 169100121.127640 28846905.468037724494934 
53 20.530000 147822506.091396 25215219.183106720447540 
54 20.540000 129544748.199111 22095764.504033327102661 
55 20.550000 113799915.705733 19408785.490239411592484 
56 20.560000 100200379.439293 17088075.411399453878403 
57 20.570000 88423255.753715 15078489.053138345479965 
58 20.580000 78198715.000373 13333944.811326265335083 
59 20.590000 69300554.593146 11815813.845300674438477 
60 20.600000 61538569.247171 10491616.386789083480835 
61 20.610000 54752353.204950 9333962.779876589775085 
62 20.620000 48806247.915921 8319690.274295583367348 
63 20.630000 43585209.419334 7429156.985533982515335 
64 20.640000 38991416.859486 6645662.500696629285812 
65 20.650000 34941480.336415 5954970.895341783761978 
66 20.660000 31364135.075536 5344916.846158355474472 
67 20.670000 28198331.512944 4805079.389724135398865 
68 20.680000 25391648.728490 4326510.926079191267490 
69 20.690000 22898972.777789 3901511.479064635932446 
70 20.700000 20681392.691508 3523440.142566896975040 
71 20.710000 18705275.852933 3186557.170158997178078 
72 20.720000 16941491.618236 2885891.388143599033356 
73 20.730000 15364757.784716 2617128.593102097511292 
74 20.740000 13953089.134205 2376517.384869419038296 
75 20.750000 12687331.011305 2160789.523686468601227 
76 20.760000 11550763.919479 1967092.416874598711729 
77 20.770000 10528767.573957 1792931.760049052536488 
78 20.780000 9608534.851275 1636122.699745092540979 
79 20.790000 8778827.709699 1494748.163587693125010 
80 20.800000 8029768.493608 1367123.232883261516690 
81 20.810000 7352661.134364 1251764.620337728410959 
82 20.820000 6739837.665464 1147364.470265945419669 
83 20.830000 6184526.216907 1052767.826294014230371 
84 20.840000 5680737.271915 966953.217155765742064 
85 20.850000 5223165.481814 889015.898767672479153 
86 20.860000 4807104.761042 818153.363551991060376 
87 20.870000 4428374.739286 753652.788627147674561 
88 20.880000 4083256.944152 694880.145106860436499 
89 20.890000 3768439.335824 641270.733119291253388 
90 20.900000 3480968.023105 592320.942664751783013 
91 20.910000 3218205.164937 547581.070276140235364 
92 20.920000 2977792.208608 506649.046561354771256 
93 20.930000 2757617.739902 469164.950894215144217 
94 20.940000 2555789.325274 434806.207423168234527 
95 20.950000 2370608.814936 403283.371726376935840 
96 20.960000 2200550.650994 374336.430295626632869 
97 20.970000 2044242.788767 347731.545957236085087 
98 20.980000 1900449.893888 323258.191634248942137 
99 20.990000 1768058.524177 300726.622783159837127 
100 21.000000 1646064.044992 279965.645607211627066 
101 21.010000 1533559.060618 260820.643940533045679 
102 21.020000 1429723.173382 243151.832659891806543 
103 21.030000 1333813.907082 226832.709737878758460 
104 21.040000 1245158.652783 211748.682712670415640 
105 21.050000 1163147.513480 197795.848498132545501 
106 21.060000 1087226.940026 184879.908175021409988 
107 21.070000 1016894.064485 172915.200747182825580 
108 21.080000 951691.648902 161823.841874254867435 
109 21.090000 891203.577814 151534.955345903290436 
110 21.100000 835050.831686 141983.986584079684690 
111 21.110000 782887.886229 133112.088780401973054 
112 21.120000 734399.489258 124865.573422092711553 
113 21.130000 689297.772619 117195.417960098711774 
114 21.140000 647319.661797 110056.824241956928745 
115 21.150000 608224.550282 103408.822092384798452 
116 21.160000 571792.209641 97213.913087162654847 
117 21.170000 537820.909662 91437.750146363396198 
118 21.180000 506125.725900 86048.849081021035090 
119 21.190000 476537.014566 81018.328672324423678 
120 21.200000 448899.037007 76319.676253868965432 
121 21.210000 423068.718010 71928.536110208369792 
122 21.220000 398914.523963 67822.518307744758204 
123 21.230000 376315.448442 63981.025839355424978 
124 21.240000 355160.094181 60385.098199069034308 
125 21.250000 335345.841589 57017.269709843094461 
126 21.260000 316778.095060 53861.441110077430494 
127 21.270000 299369.599243 50902.763066487386823 
128 21.280000 283039.818316 48127.530423580901697 
129 21.290000 267714.372007 45523.086126951966435 
130 21.300000 253324.522816 43077.733869849180337 
131 21.310000 239806.709420 40780.658612339175306 
132 21.320000 227102.121805 38621.854210800665896 
133 21.330000 215156.314114 36592.057474530884065 
134 21.340000 203918.851617 34682.688036245235708 
135 21.350000 193342.988565 32885.793485795147717 
136 21.360000 183385.374032 31193.999272068322171 
137 21.370000 174005.783125 29600.462927960325032 
138 21.380000 165166.871220 28098.832217456947546 
139 21.390000 156833.949094 26683.206843823427334 
140 21.400000 148974.777060 25348.103393256315030 
141 21.410000 141559.376353 24088.423220203549135 
142 21.420000 134559.856243 22899.423009125166573 
143 21.430000 127950.255443 21776.687772925652098 
144 21.440000 121706.396553 20716.106071331887506 
145 21.450000 115805.752388 19713.847253028507112 
146 21.460000 110227.323137 18766.340543920523487 
147 21.470000 104951.523426 17870.255820552847581 
148 21.480000 99960.078412 17022.485922723717522 
149 21.490000 95235.928138 16220.130372812127462 
150 21.500000 90763.139441 15460.480381576780928 
151 21.510000 86526.824781 14741.005031137319747 
152 21.520000 82513.067387 14059.338535757706268 
153 21.530000 78708.852211 13413.268490076734452 
154 21.540000 75102.002192 12800.725022476399317 
155 21.550000 71681.119401 12219.770778629026609 
156 21.560000 68435.530659 11668.591666917927796 
157 21.570000 65355.237259 11145.488303404272301 
158 21.580000 62430.868472 10648.868099500396056 
159 21.590000 59653.638513 10177.237940408303984 
160 21.600000 57015.306709 9729.197406911407597 
161 21.610000 54508.140596 9303.432497136600432 
162 21.620000 52124.881725 8898.709808643252472 
163 21.630000 49858.713956 8513.871144537188229 
164 21.640000 47703.234049 8147.828510355975595 
165 21.650000 45652.424374 7799.559471308748471 
166 21.660000 43700.627572 7468.102841930885916 
167 21.670000 41842.523016 7152.554682559275534 
168 21.680000 40073.104946 6852.064579146463075 
169 21.690000 38387.662131 6565.832184829559992 
170 21.700000 36781.758960 6293.104003464395646 
171 21.710000 35251.217846 6033.170396886998788 
172 21.720000 33792.102846 5785.362799188806093 
173 21.730000 32400.704407 5549.051122586934071 
174 21.740000 31073.525155 5323.641340716494597 
175 21.750000 29807.266651 5108.573236290976638 
176 21.760000 28598.817040 4903.318301108265587 
177 21.770000 27445.239534 4707.377777307010547 
178 21.780000 26343.761661 4520.280829662442557 
179 21.790000 25291.765230 4341.582839479269751 
180 21.800000 24286.776963 4170.863811388517206 
181 21.810000 23326.459740 4007.726885000374750 
182 21.820000 22408.604417 3851.796943991030275 
183 21.830000 21531.122176 3702.719315761169128 
184 21.840000 20692.037374 3560.158555321140739 
185 21.850000 19889.480849 3423.797307527456724 
186 21.860000 19121.683654 3293.335242244029359 
187 21.870000 18386.971193 3168.488057396825752 
188 21.880000 17683.757730 3048.986545260049752 
189 21.890000 17010.541238 2934.575717665575212 
190 21.900000 16365.898579 2825.013986124940857 
191 21.910000 15748.480977 2720.072393163172819 
192 21.920000 15157.009782 2619.533891416449478 
193 21.930000 14590.272483 2523.192667299372260 
194 21.940000 14047.118980 2430.853506279254361 
195 21.950000 13526.458073 2342.331197001203691 
196 21.960000 13027.254170 2257.449971704136260 
197 21.970000 12548.524194 2176.042980548845662 
198 21.980000 12089.334676 2097.951797647328931 
199 21.990000 11648.799019 2023.025956735637010 
200 22.000000 11226.074935 1951.122514571761712 
201 22.010000 10820.362021 1882.105640284589754 
202 22.020000 10430.899487 1815.846229003363987 
203 22.030000 10056.964019 1752.221538232060993 
204 22.040000 9697.867758 1691.114845521042298 
205 22.050000 9352.956409 1632.415126095565938 
206 22.060000 9021.607446 1576.016749188238464 
207 22.070000 8703.228433 1521.819191908798530 
208 22.080000 8397.255435 1469.726769557928492 
209 22.090000 8103.151520 1419.648381370643619 
210 22.100000 7820.405349 1371.497270737336294 
211 22.110000 7548.529841 1325.190799016309029 
212 22.120000 7287.060920 1280.650232105426767 
213 22.130000 7035.556327 1237.800539002910227 
214 22.140000 6793.594501 1196.570201627355345 
215 22.150000 6560.773519 1156.891035222542996 
216 22.160000 6336.710103 1118.698018711756959 
217 22.170000 6121.038666 1081.929134407937454 
218 22.180000 5913.410432 1046.525216524651114 
219 22.190000 5713.492583 1012.429807967737361 
220 22.200000 5520.967465 979.589024918868745 
221 22.210000 5335.531834 947.951428757551184 
222 22.220000 5156.896142 917.467904889281272 
223 22.230000 4984.783863 888.091548082957161 
224 22.240000 4818.930848 859.777553938420169 
225 22.250000 4659.084729 832.483116131743373 
226 22.260000 4505.004338 806.167329108075137 
227 22.270000 4356.459166 780.791095909944488 
228 22.280000 4213.228852 756.317040849398836 
229 22.290000 4075.102691 732.709426750852799 
230 22.300000 3941.879174 709.934076505260236 
231 22.310000 3813.365549 687.958298695571102 
232 22.320000 3689.377408 666.750817064757939 
233 22.330000 3569.738288 646.281703612930869 
234 22.340000 3454.279301 626.522315123020235 
235 22.350000 3342.838779 607.445232924555967 
236 22.360000 3235.261934 589.024205719306337 
237 22.370000 3131.400542 571.234095299519140 
238 22.380000 3031.112635 554.050825002354941 
239 22.390000 2934.262218 537.451330751900969 
240 22.400000 2840.718989 521.413514547521117 
241 22.410000 2750.358082 505.916200269143701 
242 22.420000 2663.059821 490.939091673021721 
243 22.430000 2578.709479 476.462732462528038 
244 22.440000 2497.197061 462.468468322936133 
245 22.450000 2418.417085 448.938410816094802 
246 22.460000 2342.268384 435.855403037339784 
247 22.470000 2268.653913 423.202986941373638 
248 22.480000 2197.480563 410.965372250325345 
249 22.490000 2128.658988 399.127406861384770 
250 22.500000 2062.103441 387.674548675272490 
251 22.510000 1997.731612 376.592838773854055 
252 22.520000 1935.464481 365.868875875230515 
253 22.530000 1875.226173 355.489792002390459 
254 22.540000 1816.943820 345.443229302566124 
255 22.550000 1760.547435 335.717317958517469 
256 22.560000 1705.969781 326.300655137151807 
257 22.570000 1653.146260 317.182284922137114 
258 22.580000 1602.014797 308.351679181555483 
259 22.590000 1552.515730 299.798719323212026 
260 22.600000 1504.591711 291.513678893727501 
261 22.610000 1458.187608 283.487206979111761 
262 22.620000 1413.250410 275.710312366823018 
263 22.630000 1369.729138 268.174348432114584 
264 22.640000 1327.574760 260.870998713016888 
265 22.650000 1286.740111 253.792263139564511 
266 22.660000 1247.179815 246.930444885947509 
267 22.670000 1208.850209 240.278137814880210 
268 22.680000 1171.709275 233.828214485674835 
269 22.690000 1135.716572 227.573814698462229 
270 22.700000 1100.833169 221.508334549150732 
271 22.710000 1067.021587 215.625415970066570 
272 22.720000 1034.245737 209.918936733583905 
273 22.730000 1002.470866 204.383000896427802 
274 22.740000 971.663499 199.011929663561205 
275 22.750000 941.791395 193.800252652135896 
276 22.760000 912.823488 188.742699536476266 
277 22.770000 884.729850 183.834192056042411 
278 22.780000 857.481636 179.069836369751556 
279 22.790000 831.051050 174.444915740195938 
280 22.800000 805.411296 169.954883532369649 
281 22.810000 780.536546 165.595356512693570 
282 22.820000 756.401893 161.362108434047968 
283 22.830000 732.983323 157.251063894022991 
284 22.840000 710.257678 153.258292453563172 
285 22.850000 688.202619 149.380003004250739 
286 22.860000 666.796600 145.612538372938616 
287 22.870000 646.018832 141.952370152876028 
288 22.880000 625.849258 138.396093751066473 
289 22.890000 606.268522 134.940423642228779 
290 22.900000 587.257947 131.582188820010515 
291 22.910000 568.799501 128.318328436580487 
292 22.920000 550.875781 125.145887622176133 
293 22.930000 533.469983 122.062013476784159 
294 22.940000 516.565884 119.063951226161180 
295 22.950000 500.147816 116.149040534895676 
296 22.960000 484.200650 113.314711969752580 
297 22.970000 468.709769 110.558483606587288 
298 22.980000 453.661057 107.877957774610422 
299 22.990000 439.040875 105.270817931955207 
300 23.000000 424.836044 102.734825666880170 
301 23.010000 411.033831 100.267817819167249 
302 23.020000 397.621928 97.867703716570986 
303 23.030000 384.588441 95.532462521157413 
304 23.040000 371.921873 93.260140681206849 
305 23.050000 359.611107 91.048849483627237 
306 23.060000 347.645397 88.896762703251397 
307 23.070000 336.014351 86.802114344243364 
308 23.080000 324.707921 84.763196470180446 
309 23.090000 313.716387 82.778357118871781 
310 23.100000 303.030348 80.845998298360655 
311 23.110000 292.640711 78.964574060753989 
312 23.120000 282.538679 77.132588650525236 
313 23.130000 272.715738 75.348594724368922 
314 23.140000 263.163653 73.611191639386675 
315 23.150000 253.874452 71.919023806987070 
316 23.160000 244.840420 70.270779109688419 
317 23.170000 236.054091 68.665187378198311 
318 23.180000 227.508235 67.101018926422284 
319 23.190000 219.195855 65.577083141886305 
320 23.200000 211.110175 64.092227129387425 
321 23.210000 203.244633 62.645334405732456 
322 23.220000 195.592876 61.235323643435891 
323 23.230000 188.148750 59.861147461384689 
324 23.240000 180.906295 58.521791260687905 
325 23.250000 173.859738 57.216272103732990 
326 23.260000 167.003484 55.943637634857168 
327 23.270000 160.332116 54.702965040925733 
328 23.280000 153.840381 53.493360050171646 
329 23.290000 147.523192 52.313955967841252 
330 23.300000 141.375617 51.163912747207974 
331 23.310000 135.392877 50.042416094473197 
332 23.320000 129.570339 48.948676606286767 
333 23.330000 123.903513 47.881928938610940 
334 23.340000 118.388044 46.841431005628920 
335 23.350000 113.019710 45.826463207646384 
336 23.360000 107.794420 44.836327686707023 
337 23.370000 102.708204 43.870347608989846 
338 23.380000 97.757212 42.927866472884091 
339 23.390000 92.937710 42.008247441704327 
340 23.400000 88.246077 41.110872700228640 
341 23.410000 83.678801 40.235142834013971 
342 23.420000 79.232473 39.380476230691386 
343 23.430000 74.903786 38.546308502384363 
344 23.440000 70.689531 37.732091928452860 
345 23.450000 66.586596 36.937294917784413 
346 23.460000 62.591959 36.161401489874834 
347 23.470000 58.702687 35.403910774059000 
348 23.480000 54.915933 34.664336526117268 
349 23.490000 51.228936 33.942206661670582 
350 23.500000 47.639012 33.237062805710593 
351 23.510000 44.143558 32.548459857683554 
352 23.520000 40.740046 31.875965571524034 
353 23.530000 37.426019 31.219160150095604 
354 23.540000 34.199095 30.577635853508411 
355 23.550000 31.056957 29.950996620803494 
356 23.560000 27.997358 29.338857704514965 
357 23.570000 25.018112 28.740845317608432 
358 23.580000 22.117099 28.156596292407698 
359 23.590000 19.292257 27.585757750969719 
360 23.600000 16.541583 27.027986786637825 
361 23.610000 13.863133 26.482950156190554 
362 23.620000 11.255016 25.950323982378620 
363 23.630000 8.715395 25.429793466332740 
364 23.640000 6.242484 24.921052609575156 
365 23.650000 3.834548 24.423803945263955 
366 23.660000 1.489902 23.937758278322008 
367 23.670000 -0.793095 23.462634434160634 
368 23.680000 -3.016035 22.998159015683939 
369 23.690000 -5.180468 22.544066168255483 
370 23.700000 -7.287899 22.100097352402770 
371 23.710000 -9.339794 21.666001123909950 
372 23.720000 -11.337576 21.241532921112594 
373 23.730000 -13.282629 20.826454859086851 
374 23.740000 -15.176300 20.420535530518436 
375 23.750000 -17.019900 20.023549813014796 
376 23.760000 -18.814701 19.635278682630286 
377 23.770000 -20.561943 19.255509033391860 
378 23.780000 -22.262830 18.884033502612141 
379 23.790000 -23.918536 18.520650301804409 
380 23.800000 -25.530201 18.165163052979239 
381 23.810000 -27.098935 17.817380630181390 
382 23.820000 -28.625817 17.477117006024656 
383 23.830000 -30.111900 17.144191103120221 
384 23.840000 -31.558204 16.818426650181806 
385 23.850000 -32.965727 16.499652042672608 
386 23.860000 -34.335435 16.187700207836997 
387 23.870000 -35.668272 15.882408473962073 
388 23.880000 -36.965156 15.583618443722713 
389 23.890000 -38.226980 15.291175871494289 
390 23.900000 -39.454614 15.004930544466077 
391 23.910000 -40.648903 14.724736167468677 
392 23.920000 -41.810673 14.450450251342772 
393 23.930000 -42.940727 14.181934004779606 
394 23.940000 -44.039845 13.919052229477558 
395 23.950000 -45.108789 13.661673218537373 
396 23.960000 -46.148301 13.409668657956786 
397 23.970000 -47.159101 13.162913531158438 
398 23.980000 -48.141894 12.921286026411849 
399 23.990000 -49.097363 12.684667447086184 
400 24.000000 -50.026176 12.452942124622979 
401 24.010000 -50.928983 12.225997334149241 
402 24.020000 -51.806418 12.003723212639983 
403 24.030000 -52.659095 11.786012679542779 
404 24.040000 -53.487618 11.572761359794725 
405 24.050000 -54.292571 11.363867509154346 
406 24.060000 -55.074524 11.159231941752523 
407 24.070000 -55.834034 10.958757959823373 
408 24.080000 -56.571643 10.762351285518434 
409 24.090000 -57.287878 10.569919994750876 
410 24.100000 -57.983254 10.381374452999381 
411 24.110000 -58.658273 10.196627253014867 
412 24.120000 -59.313424 10.015593154353297 
413 24.130000 -59.949184 9.838189024708299 
414 24.140000 -60.566016 9.664333782945533 
415 24.150000 -61.164375 9.493948343821756 
416 24.160000 -61.744701 9.326955564310424 
417 24.170000 -62.307425 9.163280191499723 
418 24.180000 -62.852967 9.002848811997666 
419 24.190000 -63.381737 8.845589802813691 
420 24.200000 -63.894133 8.691433283658512 
421 24.210000 -64.390545 8.540311070623829 
422 24.220000 -64.871353 8.392156631196457 
423 24.230000 -65.336926 8.246905040560648 
424 24.240000 -65.787626 8.104492939170171 
425 24.250000 -66.223806 7.964858491515514 
426 24.260000 -66.645808 7.827941346080536 
427 24.270000 -67.053967 7.693682596438833 
428 24.280000 -67.448612 7.562024743450024 
429 24.290000 -67.830060 7.432911658535346 
430 24.300000 -68.198624 7.306288547991358 
431 24.310000 -68.554605 7.182101918306927 
432 24.320000 -68.898302 7.060299542464321 
433 24.330000 -69.230002 6.940830427178213 
434 24.340000 -69.549988 6.823644781063365 
435 24.350000 -69.858536 6.708693983686942 
436 24.360000 -70.155912 6.595930555486262 
437 24.370000 -70.442381 6.485308128525702 
438 24.380000 -70.718197 6.376781418065036 
439 24.390000 -70.983611 6.270306194918618 
440 24.400000 -71.238866 6.165839258575545 
441 24.410000 -71.484199 6.063338411065899 
442 24.420000 -71.719844 5.962762431545343 
443 24.430000 -71.946026 5.864071051578179 
444 24.440000 -72.162967 5.767224931097559 
445 24.450000 -72.370884 5.672185635027915 
446 24.460000 -72.569986 5.578915610541912 
447 24.470000 -72.760481 5.487378164934853 
448 24.480000 -72.942568 5.397537444109446 
449 24.490000 -73.116445 5.309358411633269 
450 24.500000 -73.282302 5.222806828371063 
451 24.510000 -73.440328 5.137849232668401 
452 24.520000 -73.590704 5.054452921061170 
453 24.530000 -73.733610 4.972585929510132 
454 24.540000 -73.869220 4.892217015140687 
455 24.550000 -73.997704 4.813315638462967 
456 24.560000 -74.119228 4.735851946083613 
457 24.570000 -74.233955 4.659796753856682 
458 24.580000 -74.342043 4.585121530499947 
459 24.590000 -74.443648 4.511798381642507 
460 24.600000 -74.538920 4.439800034290187 
461 24.610000 -74.628008 4.369099821705902 
462 24.620000 -74.711056 4.299671668688632 
463 24.630000 -74.788206 4.231490077238220 
464 24.640000 -74.859594 4.164530112598896 
465 24.650000 -74.925356 4.098767389669433 
466 24.660000 -74.985623 4.034178059762894 
467 24.670000 -75.040525 3.970738797723783 
468 24.680000 -75.090186 3.908426789366359 
469 24.690000 -75.134729 3.847219719251882 
470 24.700000 -75.174275 3.787095758776360 
471 24.710000 -75.208940 3.728033554569521 
472 24.720000 -75.238839 3.670012217192919 
473 24.730000 -75.264085 3.613011310125103 
474 24.740000 -75.284786 3.557010839041652 
475 24.750000 -75.301050 3.501991241355995 
476 24.760000 -75.312981 3.447933376043011 
477 24.770000 -75.320681 3.394818513709907 
478 24.780000 -75.324249 3.342628326927155 
479 24.790000 -75.323785 3.291344880807401 
480 24.800000 -75.319383 3.240950623816730 
481 24.810000 -75.311135 3.191428378830352 
482 24.820000 -75.299135 3.142761334402167 
483 24.830000 -75.283469 3.094933036260983 
484 24.840000 -75.264227 3.047927379026305 
485 24.850000 -75.241492 3.001728598122355 
486 24.860000 -75.215348 2.956321261899575 
487 24.870000 -75.185877 2.911690263958633 
488 24.880000 -75.153158 2.867820815660593 
489 24.890000 -75.117269 2.824698438821116 
490 24.900000 -75.078286 2.782308958596502 
491 24.910000 -75.036283 2.740638496538850 
492 24.920000 -74.991333 2.699673463826002 
493 24.930000 -74.943508 2.659400554660607 
494 24.940000 -74.892876 2.619806739828334 
495 24.950000 -74.839506 2.580879260419522 
496 24.960000 -74.783464 2.542605621700744 
497 24.970000 -74.724816 2.504973587146964 
498 24.980000 -74.663625 2.467971172601580 
499 24.990000 -74.599953 2.431586640602035 
500 25.000000 -74.533860 2.395808494823370 
501 25.010000 -74.465408 2.360625474671707 
502 25.020000 -74.394653 2.326026550003490 
503 25.030000 -74.321652 2.292000915972636 
504 25.040000 -74.246462 2.258537988005571 
505 25.050000 -74.169137 2.225627396891383 
506 25.060000 -74.089729 2.193258984001289 
507 25.070000 -74.008292 2.161422796613266 
508 25.080000 -73.924875 2.130109083351073 
509 25.090000 -73.839529 2.099308289741231 
510 25.100000 -73.752303 2.069011053862368 
511 25.110000 -73.663245 2.039208202113940 
512 25.120000 -73.572400 2.009890745068788 
513 25.130000 -73.479814 1.981049873444363 
514 25.140000 -73.385533 1.952676954151400 
515 25.150000 -73.289600 1.924763526447038 
516 25.160000 -73.192057 1.897301298179599 
517 25.170000 -73.092947 1.870282142111535 
518 25.180000 -72.992310 1.843698092343971 
519 25.190000 -72.890186 1.817541340815154 
520 25.200000 -72.786615 1.791804233882033 
521 25.210000 -72.681634 1.766479268987808 
522 25.220000 -72.575282 1.741559091402678 
523 25.230000 -72.467594 1.717036491040602 
524 25.240000 -72.358608 1.692904399354944 
525 25.250000 -72.248356 1.669155886299478 
526 25.260000 -72.136876 1.645784157366847 
527 25.270000 -72.024198 1.622782550692392 
528 25.280000 -71.910358 1.600144534224768 
529 25.290000 -71.795386 1.577863702962645 
530 25.300000 -71.679314 1.555933776256779 
531 25.310000 -71.562173 1.534348595168922 
532 25.320000 -71.443994 1.513102119901788 
533 25.330000 -71.324804 1.492188427273788 
534 25.340000 -71.204635 1.471601708268366 
535 25.350000 -71.083513 1.451336265619574 
536 25.360000 -70.961466 1.431386511473676 
537 25.370000 -70.838522 1.411746965087701 
538 25.380000 -70.714706 1.392412250589814 
539 25.390000 -70.590045 1.373377094783734 
540 25.400000 -70.464564 1.354636325011427 
541 25.410000 -70.338288 1.336184867054868 
542 25.420000 -70.211241 1.318017743093236 
543 25.430000 -70.083446 1.300130069697047 
544 25.440000 -69.954927 1.282517055881272 
545 25.450000 -69.825707 1.265174001185443 
546 25.460000 -69.695808 1.248096293808487 
547 25.470000 -69.565251 1.231279408783337 
548 25.480000 -69.434059 1.214718906189916 
549 25.490000 -69.302251 1.198410429407915 
550 25.500000 -69.169848 1.182349703410068 
551 25.510000 -69.036870 1.166532533094511 
552 25.520000 -68.903337 1.150954801651238 
553 25.530000 -68.769268 1.135612468964098 
554 25.540000 -68.634681 1.120501570053278 
555 25.550000 -68.499595 1.105618213546933 
556 25.560000 -68.364027 1.090958580190460 
557 25.570000 -68.227996 1.076518921382075 
558 25.580000 -68.091517 1.062295557751014 
559 25.590000 -67.954609 1.048284877755634 
560 25.600000 -67.817287 1.034483336321301 
561 25.610000 -67.679568 1.020887453500308 
562 25.620000 -67.541467 1.007493813168736 
563 25.630000 -67.402999 0.994299061746773 
564 25.640000 -67.264180 0.981299906943889 
565 25.650000 -67.125024 0.968493116540969 
566 25.660000 -66.985547 0.955875517190918 
567 25.670000 -66.845760 0.943443993244131 
568 25.680000 -66.705680 0.931195485606651 
569 25.690000 -66.565319 0.919126990618935 
570 25.700000 -66.424690 0.907235558954511 
571 25.710000 -66.283806 0.895518294547770 
572 25.720000 -66.142680 0.883972353547335 
573 25.730000 -66.001325 0.872594943282223 
574 25.740000 -65.859751 0.861383321257847 
575 25.750000 -65.717972 0.850334794172625 
576 25.760000 -65.575999 0.839446716950931 
577 25.770000 -65.433843 0.828716491804471 
578 25.780000 -65.291514 0.818141567302177 
579 25.790000 -65.149025 0.807719437471377 
580 25.800000 -65.006386 0.797447640914584 
581 25.810000 -64.863606 0.787323759935532 
582 25.820000 -64.720697 0.777345419700737 
583 25.830000 -64.577667 0.767510287403894 
584 25.840000 -64.434527 0.757816071454442 
585 25.850000 -64.291287 0.748260520682464 
586 25.860000 -64.147955 0.738841423560643 
587 25.870000 -64.004540 0.729556607439719 
588 25.880000 -63.861052 0.720403937803127 
589 25.890000 -63.717500 0.711381317535853 
590 25.900000 -63.573891 0.702486686208204 
591 25.910000 -63.430233 0.693718019374501 
592 25.920000 -63.286536 0.685073327887409 
593 25.930000 -63.142807 0.676550657224340 
594 25.940000 -62.999054 0.668148086831621 
595 25.950000 -62.855284 0.659863729474353 
596 25.960000 -62.711505 0.651695730612545 
597 25.970000 -62.567724 0.643642267773714 
598 25.980000 -62.423948 0.635701549954604 
599 25.990000 -62.280185 0.627871817022907 
600 26.000000 -62.136440 0.620151339139596 
601 26.010000 -61.992721 0.612538416184094 
602 26.020000 -61.849033 0.605031377202181 
603 26.030000 -61.705384 0.597628579856035 
604 26.040000 -61.561780 0.590328409890617 
605 26.050000 -61.418226 0.583129280605732 
606 26.060000 -61.274729 0.576029632347996 
607 26.070000 -61.131294 0.569027932002086 
608 26.080000 -60.987927 0.562122672498333 
609 26.090000 -60.844633 0.555312372332395 
610 26.100000 -60.701418 0.548595575087063 
611 26.110000 -60.558287 0.541970848971118 
612 26.120000 -60.415246 0.535436786364585 
613 26.130000 -60.272298 0.528992003371087 
614 26.140000 -60.129450 0.522635139382999 
615 26.150000 -59.986706 0.516364856650853 
616 26.160000 -59.844070 0.510179839866254 
617 26.170000 -59.701548 0.504078795749052 
618 26.180000 -59.559143 0.498060452645888 
619 26.190000 -59.416860 0.492123560132995 
620 26.200000 -59.274704 0.486266888629672 
621 26.210000 -59.132678 0.480489229022396 
622 26.220000 -58.990786 0.474789392284691 
623 26.230000 -58.849033 0.469166209120431 
624 26.240000 -58.707422 0.463618529601462 
625 26.250000 -58.565957 0.458145222820860 
626 26.260000 -58.424642 0.452745176544056 
627 26.270000 -58.283480 0.447417296876296 
628 26.280000 -58.142475 0.442160507932243 
629 26.290000 -58.001630 0.436973751507708 
630 26.300000 -57.860949 0.431855986767005 
631 26.310000 -57.720435 0.426806189930318 
632 26.320000 -57.580090 0.421823353967454 
633 26.330000 -57.439919 0.416906488296576 
634 26.340000 -57.299923 0.412054618495716 
635 26.350000 -57.160107 0.407266786010041 
636 26.360000 -57.020472 0.402542047873311 
637 26.370000 -56.881022 0.397879476427931 
638 26.380000 -56.741760 0.393278159052812 
639 26.390000 -56.602687 0.388737197901889 
640 26.400000 -56.463807 0.384255709636960 
641 26.410000 -56.325122 0.379832825177573 
642 26.420000 -56.186634 0.375467689443099 
643 26.430000 -56.048346 0.371159461111858 
644 26.440000 -55.910261 0.366907312375986 
645 26.450000 -55.772379 0.362710428704105 
646 26.460000 -55.634705 0.358568008612536 
647 26.470000 -55.497239 0.354479263432239 
648 26.480000 -55.359984 0.350443417087831 
649 26.490000 -55.222941 0.346459705876612 
650 26.500000 -55.086114 0.342527378253976 
651 26.510000 -54.949503 0.338645694620965 
652 26.520000 -54.813110 0.334813927117494 
653 26.530000 -54.676938 0.331031359418432 
654 26.540000 -54.540988 0.327297286533934 
655 26.550000 -54.405262 0.323611014614045 
656 26.560000 -54.269760 0.319971860756141 
657 26.570000 -54.134486 0.316379152814505 
658 26.580000 -53.999441 0.312832229218429 
659 26.590000 -53.864625 0.309330438788180 
660 26.600000 -53.730041 0.305873140555235 
661 26.610000 -53.595689 0.302459703591751 
662 26.620000 -53.461572 0.299089506835770 
663 26.630000 -53.327691 0.295761938922112 
664 26.640000 -53.194046 0.292476398018948 
665 26.650000 -53.060639 0.289232291664376 
666 26.660000 -52.927471 0.286029036605839 
667 26.670000 -52.794544 0.282866058645936 
668 26.680000 -52.661858 0.279742792487525 
669 26.690000 -52.529415 0.276658681584507 
670 26.700000 -52.397216 0.273613177989773 
671 26.710000 -52.265261 0.270605742215935 
672 26.720000 -52.133551 0.267635843086822 
673 26.730000 -52.002089 0.264702957602481 
674 26.740000 -51.870873 0.261806570797773 
675 26.750000 -51.739906 0.258946175610220 
676 26.760000 -51.609188 0.256121272747123 
677 26.770000 -51.478720 0.253331370552701 
678 26.780000 -51.348503 0.250575984883739 
679 26.790000 -51.218537 0.247854638983824 
680 26.800000 -51.088823 0.245166863357582 
681 26.810000 -50.959362 0.242512195653433 
682 26.820000 -50.830154 0.239890180541380 
683 26.830000 -50.701200 0.237300369598614 
684 26.840000 -50.572501 0.234742321196535 
685 26.850000 -50.444058 0.232215600383512 
686 26.860000 -50.315870 0.229719778777593 
687 26.870000 -50.187938 0.227254434459212 
688 26.880000 -50.060263 0.224819151863187 
689 26.890000 -49.932845 0.222413521674270 
690 26.900000 -49.805685 0.220037140721985 
691 26.910000 -49.678782 0.217689611884708 
692 26.920000 -49.552139 0.215370543988769 
693 26.930000 -49.425754 0.213079551707551 
694 26.940000 -49.299628 0.210816255471258 
695 26.950000 -49.173761 0.208580281368853 
696 26.960000 -49.048155 0.206371261059246 
697 26.970000 -48.922808 0.204188831676078 
698 26.980000 -48.797721 0.202032635745297 
699 26.990000 -48.672895 0.199902321091372 
700 27.000000 -48.548330 0.197797540754152 
701 27.010000 -48.424026 0.195717952905028 
702 27.020000 -48.299983 0.193663220763796 
703 27.030000 -48.176200 0.191633012514814 
704 27.040000 -48.052680 0.189627001230974 
705 27.050000 -47.929421 0.187644864791991 
706 27.060000 -47.806423 0.185686285808373 
707 27.070000 -47.683687 0.183750951544681 
708 27.080000 -47.561213 0.181838553846347 
709 27.090000 -47.439000 0.179948789063644 
710 27.100000 -47.317049 0.178081357984183 
711 27.110000 -47.195361 0.176235965759020 
712 27.120000 -47.073933 0.174412321832307 
713 27.130000 -46.952768 0.172610139873086 
714 27.140000 -46.831865 0.170829137712758 
715 27.150000 -46.711223 0.169069037273317 
716 27.160000 -46.590843 0.167329564504826 
717 27.170000 -46.470725 0.165610449321463 
718 27.180000 -46.350868 0.163911425539709 
719 27.190000 -46.231273 0.162232230816528 
720 27.200000 -46.111939 0.160572606586129 
721 27.210000 -45.992866 0.158932298004544 
722 27.220000 -45.874054 0.157311053887810 
723 27.230000 -45.755503 0.155708626656548 
724 27.240000 -45.637213 0.154124772279829 
725 27.250000 -45.519184 0.152559250216910 
726 27.260000 -45.401415 0.151011823365366 
727 27.270000 -45.283906 0.149482258005662 
728 27.280000 -45.166657 0.147970323750002 
729 27.290000 -45.049668 0.146475793487610 
730 27.300000 -44.932939 0.144998443339261 
731 27.310000 -44.816469 0.143538052599013 
732 27.320000 -44.700258 0.142094403693704 
733 27.330000 -44.584306 0.140667282126117 
734 27.340000 -44.468612 0.139256476435179 
735 27.350000 -44.353177 0.137861778142678 
736 27.360000 -44.238000 0.136482981711339 
737 27.370000 -44.123080 0.135119884497215 
738 27.380000 -44.008418 0.133772286706346 
739 27.390000 -43.894013 0.132439991350708 
740 27.400000 -43.779865 0.131122804204153 
741 27.410000 -43.665974 0.129820533763336 
742 27.420000 -43.552338 0.128532991200814 
743 27.430000 -43.438958 0.127259990328810 
744 27.440000 -43.325834 0.126001347555871 
745 27.450000 -43.212965 0.124756881849208 
746 27.460000 -43.100351 0.123526414695618 
747 27.470000 -42.987991 0.122309770060269 
748 27.480000 -42.875885 0.121106774354018 
749 27.490000 -42.764033 0.119917256392910 
750 27.500000 -42.652434 0.118741047361937 
751 27.510000 -42.541088 0.117577980779515 
752 27.520000 -42.429994 0.116427892461957 
753 27.530000 -42.319153 0.115290620491493 
754 27.540000 -42.208562 0.114166005178618 
755 27.550000 -42.098224 0.113053889028691 
756 27.560000 -41.988136 0.111954116712099 
757 27.570000 -41.878298 0.110866535028720 
758 27.580000 -41.768710 0.109790992877379 
759 27.590000 -41.659372 0.108727341223869 
760 27.600000 -41.550283 0.107675433070398 
761 27.610000 -41.441442 0.106635123425036 
762 27.620000 -41.332850 0.105606269271163 
763 27.630000 -41.224505 0.104588729539046 
764 27.640000 -41.116408 0.103582365078125 
765 27.650000 -41.008557 0.102587038624335 
766 27.660000 -40.900952 0.101602614775942 
767 27.670000 -40.793594 0.100628959964411 
768 27.680000 -40.686480 0.099665942428828 
769 27.690000 -40.579612 0.098713432184638 
770 27.700000 -40.472988 0.097771301003746 
771 27.710000 -40.366608 0.096839422385386 
772 27.720000 -40.260471 0.095917671527701 
773 27.730000 -40.154577 0.095005925308556 
774 27.740000 -40.048926 0.094104062259248 
775 27.750000 -39.943516 0.093211962536088 
776 27.760000 -39.838348 0.092329507901923 
777 27.770000 -39.733420 0.091456581699134 
778 27.780000 -39.628733 0.090593068828326 
779 27.790000 -39.524286 0.089738855726296 
780 27.800000 -39.420078 0.088893830339032 
781 27.810000 -39.316110 0.088057882106085 
782 27.820000 -39.212379 0.087230901936408 
783 27.830000 -39.108886 0.086412782183487 
784 27.840000 -39.005630 0.085603416629709 
785 27.850000 -38.902611 0.084802700462205 
786 27.860000 -38.799829 0.084010530254375 
787 27.870000 -38.697281 0.083226803944569 
788 27.880000 -38.594969 0.082451420817620 
789 27.890000 -38.492892 0.081684281484229 
790 27.900000 -38.391049 0.080925287861788 
791 27.910000 -38.289439 0.080174343158035 
792 27.920000 -38.188062 0.079431351849024 
793 27.930000 -38.086917 0.078696219663499 
794 27.940000 -37.986005 0.077968853563704 
795 27.950000 -37.885323 0.077249161728332 
796 27.960000 -37.784873 0.076537053533343 
797 27.970000 -37.684652 0.075832439538459 
798 27.980000 -37.584662 0.075135231468693 
799 27.990000 -37.484900 0.074445342195162 
800 28.000000 -37.385367 0.073762685721590 
801 28.010000 -37.286062 0.073087177168674 
802 28.020000 -37.186984 0.072418732756319 
803 28.030000 -37.088134 0.071757269788009 
804 28.040000 -36.989509 0.071102706638015 
805 28.050000 -36.891111 0.070454962733635 
806 28.060000 -36.792937 0.069813958540976 
807 28.070000 -36.694988 0.069179615552173 
808 28.080000 -36.597264 0.068551856267618 
809 28.090000 -36.499762 0.067930604183175 
810 28.100000 -36.402484 0.067315783779520 
811 28.110000 -36.305428 0.066707320502246 
812 28.120000 -36.208594 0.066105140753336 
813 28.130000 -36.111982 0.065509171874112 
814 28.140000 -36.015590 0.064919342135283 
815 28.150000 -35.919418 0.064335580722030 
816 28.160000 -35.823466 0.063757817721921 
817 28.170000 -35.727732 0.063185984112835 
818 28.180000 -35.632217 0.062620011748749 
819 28.190000 -35.536920 0.062059833349792 
820 28.200000 -35.441841 0.061505382487326 
821 28.210000 -35.346978 0.060956593576122 
822 28.220000 -35.252331 0.060413401859449 
823 28.230000 -35.157900 0.059875743399829 
824 28.240000 -35.063684 0.059343555065539 
825 28.250000 -34.969682 0.058816774519954 
826 28.260000 -34.875894 0.058295340213022 
827 28.270000 -34.782320 0.057779191367047 
828 28.280000 -34.688958 0.057268267968169 
829 28.290000 -34.595808 0.056762510756414 
830 28.300000 -34.502870 0.056261861210771 
831 28.310000 -34.410144 0.055766261548484 
832 28.320000 -34.317627 0.055275654703024 
833 28.330000 -34.225321 0.054789984322667 
834 28.340000 -34.133224 0.054309194759838 
835 28.350000 -34.041335 0.053833231059031 
836 28.360000 -33.949655 0.053362038947569 
837 28.370000 -33.858183 0.052895564827082 
838 28.380000 -33.766918 0.052433755766401 
839 28.390000 -33.675859 0.051976559487343 
840 28.400000 -33.585006 0.051523924361874 
841 28.410000 -33.494359 0.051075799400024 
842 28.420000 -33.403916 0.050632134240658 
843 28.430000 -33.313678 0.050192879143651 
844 28.440000 -33.223644 0.049757984983501 
845 28.450000 -33.133812 0.049327403237243 
846 28.460000 -33.044183 0.048901085981612 
847 28.470000 -32.954757 0.048478985878830 
848 28.480000 -32.865531 0.048061056173765 
849 28.490000 -32.776507 0.047647250681848 
850 28.500000 -32.687683 0.047237523787658 
851 28.510000 -32.599059 0.046831830429284 
852 28.520000 -32.510634 0.046430126096908 
853 28.530000 -32.422408 0.046032366822857 
854 28.540000 -32.334380 0.045638509176626 
855 28.550000 -32.246549 0.045248510253515 
856 28.560000 -32.158915 0.044862327673201 
857 28.570000 -32.071478 0.044479919567664 
858 28.580000 -31.984237 0.044101244576211 
859 28.590000 -31.897192 0.043726261841215 
860 28.600000 -31.810341 0.043354930998163 
861 28.610000 -31.723684 0.042987212169265 
862 28.620000 -31.637221 0.042623065959901 
863 28.630000 -31.550951 0.042262453448672 
864 28.640000 -31.464874 0.041905336184556 
865 28.650000 -31.378989 0.041551676177676 
866 28.660000 -31.293296 0.041201435894322 
867 28.670000 -31.207793 0.040854578253402 
868 28.680000 -31.122481 0.040511066615778 
869 28.690000 -31.037359 0.040170864781430 
870 28.700000 -30.952426 0.039833936985190 
871 28.710000 -30.867682 0.039500247887503 
872 28.720000 -30.783127 0.039169762570168 
873 28.730000 -30.698759 0.038842446532072 
874 28.740000 -30.614578 0.038518265682796 
875 28.750000 -30.530584 0.038197186336930 
876 28.760000 -30.446776 0.037879175209810 
877 28.770000 -30.363154 0.037564199411122 
878 28.780000 -30.279717 0.037252226439932 
879 28.790000 -30.196465 0.036943224180419 
880 28.800000 -30.113396 0.036637160897612 
881 28.810000 -30.030511 0.036334005229577 
882 28.820000 -29.947809 0.036033726185991 
883 28.830000 -29.865289 0.035736293141753 
884 28.840000 -29.782952 0.035441675829162 
885 28.850000 -29.700795 0.035149844340765 
886 28.860000 -29.618820 0.034860769118694 
887 28.870000 -29.537025 0.034574420950406 
888 28.880000 -29.455409 0.034290770967971 
889 28.890000 -29.373973 0.034009790639544 
890 28.900000 -29.292716 0.033731451767949 
891 28.910000 -29.211637 0.033455726485698 
892 28.920000 -29.130736 0.033182587248604 
893 28.930000 -29.050012 0.032912006836483 
894 28.940000 -28.969465 0.032643958341794 
895 28.950000 -28.889094 0.032378415175316 
896 28.960000 -28.808899 0.032115351051942 
897 28.970000 -28.728879 0.031854739993520 
898 28.980000 -28.649033 0.031596556322455 
899 28.990000 -28.569362 0.031340774659583 
900 29.000000 -28.489865 0.031087369918481 
901 29.010000 -28.410541 0.030836317301208 
902 29.020000 -28.331389 0.030587592297593 
903 29.030000 -28.252409 0.030341170680970 
904 29.040000 -28.173602 0.030097028500364 
905 29.050000 -28.094965 0.029855142081914 
906 29.060000 -28.016499 0.029615488026025 
907 29.070000 -27.938203 0.029378043197426 
908 29.080000 -27.860077 0.029142784728720 
909 29.090000 -27.782120 0.028909690013279 
910 29.100000 -27.704332 0.028678736704535 
911 29.110000 -27.626712 0.028449902709582 
912 29.120000 -27.549260 0.028223166187757 
913 29.130000 -27.471974 0.027998505549220 
914 29.140000 -27.394856 0.027775899447136 
915 29.150000 -27.317904 0.027555326779094 
916 29.160000 -27.241118 0.027336766683561 
917 29.170000 -27.164497 0.027120198534192 
918 29.180000 -27.088040 0.026905601939120 
919 29.190000 -27.011748 0.026692956736696 
920 29.200000 -26.935620 0.026482242994064 
921 29.210000 -26.859656 0.026273441004321 
922 29.220000 -26.783854 0.026066531281543 
923 29.230000 -26.708214 0.025861494560786 
924 29.240000 -26.632737 0.025658311793109 
925 29.250000 -26.557421 0.025456964145576 
926 29.260000 -26.482266 0.025257432994863 
927 29.270000 -26.407271 0.025059699927965 
928 29.280000 -26.332437 0.024863746737935 
929 29.290000 -26.257762 0.024669555422463 
930 29.300000 -26.183246 0.024477108181031 
931 29.310000 -26.108889 0.024286387409944 
932 29.320000 -26.034691 0.024097375705168 
933 29.330000 -25.960649 0.023910055855225 
934 29.340000 -25.886766 0.023724410839066 
935 29.350000 -25.813038 0.023540423828905 
936 29.360000 -25.739468 0.023358078180280 
937 29.370000 -25.666053 0.023177357436310 
938 29.380000 -25.592794 0.022998245320593 
939 29.390000 -25.519689 0.022820725739336 
940 29.400000 -25.446740 0.022644782774961 
941 29.410000 -25.373944 0.022470400687524 
942 29.420000 -25.301302 0.022297563909746 
943 29.430000 -25.228813 0.022126257047717 
944 29.440000 -25.156477 0.021956464876638 
945 29.450000 -25.084293 0.021788172337267 
946 29.460000 -25.012261 0.021621364540181 
947 29.470000 -24.940380 0.021456026756539 
948 29.480000 -24.868651 0.021292144420215 
949 29.490000 -24.797072 0.021129703124245 
950 29.500000 -24.725643 0.020968688620826 
951 29.510000 -24.654363 0.020809086817764 
952 29.520000 -24.583233 0.020650883776341 
953 29.530000 -24.512252 0.020494065709897 
954 29.540000 -24.441419 0.020338618982407 
955 29.550000 -24.370734 0.020184530107059 
956 29.560000 -24.300196 0.020031785744123 
957 29.570000 -24.229806 0.019880372698111 
958 29.580000 -24.159562 0.019730277917063 
959 29.590000 -24.089464 0.019581488490417 
960 29.600000 -24.019513 0.019433991649009 
961 29.610000 -23.949706 0.019287774760102 
962 29.620000 -23.880044 0.019142825329510 
963 29.630000 -23.810527 0.018999130997344 
964 29.640000 -23.741154 0.018856679536938 
965 29.650000 -23.671925 0.018715458852725 
966 29.660000 -23.602839 0.018575456980940 
967 29.670000 -23.533896 0.018436662086074 
968 29.680000 -23.465095 0.018299062460159 
969 29.690000 -23.396436 0.018162646520992 
970 29.700000 -23.327919 0.018027402809295 
971 29.710000 -23.259543 0.017893319990847 
972 29.720000 -23.191308 0.017760386851151 
973 29.730000 -23.123213 0.017628592296859 
974 29.740000 -23.055258 0.017497925351861 
975 29.750000 -22.987443 0.017368375158711 
976 29.760000 -22.919767 0.017239930974355 
977 29.770000 -22.852229 0.017112582171563 
978 29.780000 -22.784830 0.016986318235013 
979 29.790000 -22.717569 0.016861128762002 
980 29.800000 -22.650446 0.016737003459966 
981 29.810000 -22.583459 0.016613932146115 
982 29.820000 -22.516610 0.016491904744598 
983 29.830000 -22.449896 0.016370911286145 
984 29.840000 -22.383319 0.016250941909135 
985 29.850000 -22.316877 0.016131986853907 
986 29.860000 -22.250571 0.016014036464185 
987 29.870000 -22.184399 0.015897081186367 
988 29.880000 -22.118362 0.015781111567037 
989 29.890000 -22.052458 0.015666118251900 
990 29.900000 -21.986689 0.015552091986137 
991 29.910000 -21.921052 0.015439023610853 
992 29.920000 -21.855549 0.015326904064139 
993 29.930000 -21.790178 0.015215724378592 
994 29.940000 -21.724939 0.015105475680599 
995 29.950000 -21.659831 0.014996149189983 
996 29.960000 -21.594855 0.014887736218583 
997 29.970000 -21.530010 0.014780228167410 
998 29.980000 -21.465296 0.014673616528782 
999 29.990000 -21.400712 0.014567892882411 
1000 30.000000 -21.336258 0.014463048897184 
1001 30.010000 -21.271933 0.014359076326897 
1002 30.020000 -21.207737 0.014255967011678 
1003 30.030000 -21.143670 0.014153712876919 
1004 30.040000 -21.079731 0.014052305931500 
1005 30.050000 -21.015920 0.013951738266371 
1006 30.060000 -20.952237 0.013852002054904 
1007 30.070000 -20.888682 0.013753089551827 
1008 30.080000 -20.825253 0.013654993090029 
1009 30.090000 -20.761950 0.013557705083400 
1010 30.100000 -20.698774 0.013461218023281 
1011 30.110000 -20.635724 0.013365524478459 
1012 30.120000 -20.572799 0.013270617093752 
1013 30.130000 -20.509999 0.013176488590716 
1014 30.140000 -20.447324 0.013083131763381 
1015 30.150000 -20.384773 0.012990539482161 
1016 30.160000 -20.322346 0.012898704688880 
1017 30.170000 -20.260043 0.012807620397837 
1018 30.180000 -20.197863 0.012717279696162 
1019 30.190000 -20.135807 0.012627675738841 
1020 30.200000 -20.073872 0.012538801753692 
1021 30.210000 -20.012061 0.012450651034968 
1022 30.220000 -19.950371 0.012363216947620 
1023 30.230000 -19.888802 0.012276492922325 
1024 30.240000 -19.827355 0.012190472456552 
1025 30.250000 -19.766029 0.012105149115271 
1026 30.260000 -19.704823 0.012020516527045 
1027 30.270000 -19.643737 0.011936568386517 
1028 30.280000 -19.582772 0.011853298450859 
1029 30.290000 -19.521926 0.011770700541192 
1030 30.300000 -19.461199 0.011688768540452 
1031 30.310000 -19.400591 0.011607496394106 
1032 30.320000 -19.340101 0.011526878107659 
1033 30.330000 -19.279730 0.011446907748081 
1034 30.340000 -19.219476 0.011367579441313 
1035 30.350000 -19.159340 0.011288887372984 
1036 30.360000 -19.099321 0.011210825785923 
1037 30.370000 -19.039419 0.011133388982287 
1038 30.380000 -18.979634 0.011056571320012 
1039 30.390000 -18.919964 0.010980367214941 
1040 30.400000 -18.860411 0.010904771137632 
1041 30.410000 -18.800973 0.010829777613708 
1042 30.420000 -18.741650 0.010755381224925 
1043 30.430000 -18.682443 0.010681576605620 
1044 30.440000 -18.623350 0.010608358444486 
1045 30.450000 -18.564371 0.010535721482441 
1046 30.460000 -18.505506 0.010463660512983 
1047 30.470000 -18.446754 0.010392170382190 
1048 30.480000 -18.388116 0.010321245985878 
1049 30.490000 -18.329591 0.010250882271734 
1050 30.500000 -18.271178 0.010181074236471 
1051 30.510000 -18.212878 0.010111816926894 
1052 30.520000 -18.154690 0.010043105439195 
1053 30.530000 -18.096614 0.009974934916812 
1054 30.540000 -18.038649 0.009907300552570 
1055 30.550000 -17.980795 0.009840197585120 
1056 30.560000 -17.923052 0.009773621301790 
1057 30.570000 -17.865419 0.009707567034667 
1058 30.580000 -17.807896 0.009642030163093 
1059 30.590000 -17.750484 0.009577006110817 
1060 30.600000 -17.693181 0.009512490346708 
1061 30.610000 -17.635987 0.009448478384755 
1062 30.620000 -17.578902 0.009384965781933 
1063 30.630000 -17.521926 0.009321948139274 
1064 30.640000 -17.465058 0.009259421100793 
1065 30.650000 -17.408298 0.009197380352788 
1066 30.660000 -17.351646 0.009135821623119 
1067 30.670000 -17.295101 0.009074740683346 
1068 30.680000 -17.238664 0.009014133343754 
1069 30.690000 -17.182333 0.008953995456906 
1070 30.700000 -17.126109 0.008894322915154 
1071 30.710000 -17.069991 0.008835111650995 
1072 30.720000 -17.013979 0.008776357636009 
1073 30.730000 -16.958073 0.008718056881563 
1074 30.740000 -16.902272 0.008660205436328 
1075 30.750000 -16.846577 0.008602799389124 
1076 30.760000 -16.790986 0.008545834864293 
1077 30.770000 -16.735499 0.008489308025617 
1078 30.780000 -16.680117 0.008433215073111 
1079 30.790000 -16.624839 0.008377552243033 
1080 30.800000 -16.569664 0.008322315808229 
1081 30.810000 -16.514593 0.008267502077786 
1082 30.820000 -16.459625 0.008213107395605 
1083 30.830000 -16.404760 0.008159128140761 
1084 30.840000 -16.349997 0.008105560728211 
1085 30.850000 -16.295336 0.008052401605241 
1086 30.860000 -16.240778 0.007999647255019 
1087 30.870000 -16.186321 0.007947294193400 
1088 30.880000 -16.131965 0.007895338969988 
1089 30.890000 -16.077711 0.007843778166716 
1090 30.900000 -16.023557 0.007792608398915 
1091 30.910000 -15.969505 0.007741826313534 
1092 30.920000 -15.915552 0.007691428589496 
1093 30.930000 -15.861699 0.007641411938053 
1094 30.940000 -15.807946 0.007591773100657 
1095 30.950000 -15.754293 0.007542508851088 
1096 30.960000 -15.700739 0.007493615991905 
1097 30.970000 -15.647284 0.007445091357283 
1098 30.980000 -15.593927 0.007396931811243 
1099 30.990000 -15.540669 0.007349134247292 
1100 31.000000 -15.487509 0.007301695588069 
1101 31.010000 -15.434447 0.007254612785346 
1102 31.020000 -15.381483 0.007207882820381 
1103 31.030000 -15.328615 0.007161502702147 
1104 31.040000 -15.275845 0.007115469467323 
1105 31.050000 -15.223172 0.007069780181368 
1106 31.060000 -15.170596 0.007024431937808 
1107 31.070000 -15.118115 0.006979421855746 
1108 31.080000 -15.065731 0.006934747082354 
1109 31.090000 -15.013442 0.006890404792159 
1110 31.100000 -14.961249 0.006846392184912 
1111 31.110000 -14.909152 0.006802706487008 
1112 31.120000 -14.857149 0.006759344951135 
1113 31.130000 -14.805241 0.006716304855203 
1114 31.140000 -14.753427 0.006673583503058 
1115 31.150000 -14.701708 0.006631178223415 
1116 31.160000 -14.650083 0.006589086368791 
1117 31.170000 -14.598551 0.006547305317639 
1118 31.180000 -14.547113 0.006505832473636 
1119 31.190000 -14.495768 0.006464665261774 
1120 31.200000 -14.444517 0.006423801133693 
1121 31.210000 -14.393358 0.006383237563057 
1122 31.220000 -14.342291 0.006342972046980 
1123 31.230000 -14.291317 0.006303002107444 
1124 31.240000 -14.240434 0.006263325286682 
1125 31.250000 -14.189644 0.006223939151795 
1126 31.260000 -14.138945 0.006184841291557 
1127 31.270000 -14.088337 0.006146029316767 
1128 31.280000 -14.037820 0.006107500860608 
1129 31.290000 -13.987394 0.006069253577223 
1130 31.300000 -13.937059 0.006031285143848 
1131 31.310000 -13.886814 0.005993593257614 
1132 31.320000 -13.836659 0.005956175638033 
1133 31.330000 -13.786593 0.005919030024160 
1134 31.340000 -13.736618 0.005882154176717 
1135 31.350000 -13.686731 0.005845545877037 
1136 31.360000 -13.636934 0.005809202925988 
1137 31.370000 -13.587226 0.005773123145048 
1138 31.380000 -13.537606 0.005737304375231 
1139 31.390000 -13.488075 0.005701744477804 
1140 31.400000 -13.438631 0.005666441333574 
1141 31.410000 -13.389276 0.005631392841821 
1142 31.420000 -13.340009 0.005596596921009 
1143 31.430000 -13.290829 0.005562051509500 
1144 31.440000 -13.241736 0.005527754563772 
1145 31.450000 -13.192730 0.005493704058424 
1146 31.460000 -13.143811 0.005459897987237 
1147 31.470000 -13.094979 0.005426334361758 
1148 31.480000 -13.046233 0.005393011210941 
1149 31.490000 -12.997573 0.005359926582926 
1150 31.500000 -12.948998 0.005327078542550 
1151 31.510000 -12.900510 0.005294465171701 
1152 31.520000 -12.852107 0.005262084571456 
1153 31.530000 -12.803789 0.005229934856743 
1154 31.540000 -12.755556 0.005198014162744 
1155 31.550000 -12.707408 0.005166320639916 
1156 31.560000 -12.659345 0.005134852455058 
1157 31.570000 -12.611365 0.005103607792378 
1158 31.580000 -12.563470 0.005072584851007 
1159 31.590000 -12.515659 0.005041781847481 
1160 31.600000 -12.467932 0.005011197013971 
1161 31.610000 -12.420287 0.004980828598633 
1162 31.620000 -12.372727 0.004950674864190 
1163 31.630000 -12.325249 0.004920734090064 
1164 31.640000 -12.277854 0.004891004570595 
1165 31.650000 -12.230541 0.004861484615049 
1166 31.660000 -12.183311 0.004832172548674 
1167 31.670000 -12.136163 0.004803066710579 
1168 31.680000 -12.089097 0.004774165455146 
1169 31.690000 -12.042113 0.004745467150968 
1170 31.700000 -11.995210 0.004716970182272 
1171 31.710000 -11.948388 0.004688672945719 
1172 31.720000 -11.901648 0.004660573853954 
1173 31.730000 -11.854988 0.004632671332416 
1174 31.740000 -11.808410 0.004604963821819 
1175 31.750000 -11.761911 0.004577449774956 
1176 31.760000 -11.715493 0.004550127658831 
1177 31.770000 -11.669155 0.004522995955725 
1178 31.780000 -11.622897 0.004496053158576 
1179 31.790000 -11.576718 0.004469297775245 
1180 31.800000 -11.530619 0.004442728326026 
1181 31.810000 -11.484599 0.004416343345426 
1182 31.820000 -11.438659 0.004390141378963 
1183 31.830000 -11.392797 0.004364120986367 
1184 31.840000 -11.347013 0.004338280738736 
1185 31.850000 -11.301308 0.004312619221380 
1186 31.860000 -11.255682 0.004287135030623 
1187 31.870000 -11.210133 0.004261826775220 
1188 31.880000 -11.164662 0.004236693076720 
1189 31.890000 -11.119269 0.004211732568393 
1190 31.900000 -11.073953 0.004186943894879 
1191 31.910000 -11.028715 0.004162325713608 
1192 31.920000 -10.983553 0.004137876692667 
1193 31.930000 -10.938469 0.004113595512578 
1194 31.940000 -10.893461 0.004089480864877 
1195 31.950000 -10.848529 0.004065531452824 
1196 31.960000 -10.803674 0.004041745989980 
1197 31.970000 -10.758895 0.004018123202343 
1198 31.980000 -10.714192 0.003994661826567 
1199 31.990000 -10.669564 0.003971360609256 
1200 32.000000 -10.625012 0.003948218308736 
1201 32.010000 -10.580535 0.003925233694702 
1202 32.020000 -10.536133 0.003902405546086 
1203 32.030000 -10.491806 0.003879732653189 
1204 32.040000 -10.447554 0.003857213816261 
1205 32.050000 -10.403377 0.003834847846207 
1206 32.060000 -10.359274 0.003812633563882 
1207 32.070000 -10.315245 0.003790569801154 
1208 32.080000 -10.271290 0.003768655398417 
1209 32.090000 -10.227409 0.003746889207079 
1210 32.100000 -10.183601 0.003725270088495 
1211 32.110000 -10.139867 0.003703796912902 
1212 32.120000 -10.096206 0.003682468560839 
1213 32.130000 -10.052618 0.003661283922440 
1214 32.140000 -10.009103 0.003640241897074 
1215 32.150000 -9.965661 0.003619341393701 
1216 32.160000 -9.922291 0.003598581330522 
1217 32.170000 -9.878993 0.003577960634260 
1218 32.180000 -9.835768 0.003557478241945 
1219 32.190000 -9.792615 0.003537133099130 
1220 32.200000 -9.749533 0.003516924160607 
1221 32.210000 -9.706523 0.003496850388984 
1222 32.220000 -9.663585 0.003476910757172 
1223 32.230000 -9.620718 0.003457104245541 
1224 32.240000 -9.577921 0.003437429843700 
1225 32.250000 -9.535196 0.003417886550139 
1226 32.260000 -9.492542 0.003398473370808 
1227 32.270000 -9.449958 0.003379189320896 
1228 32.280000 -9.407444 0.003360033423760 
1229 32.290000 -9.365001 0.003341004710933 
1230 32.300000 -9.322627 0.003322102221404 
1231 32.310000 -9.280324 0.003303325003401 
1232 32.320000 -9.238090 0.003284672112613 
1233 32.330000 -9.195926 0.003266142613256 
1234 32.340000 -9.153831 0.003247735575584 
1235 32.350000 -9.111805 0.003229450080156 
1236 32.360000 -9.069848 0.003211285213212 
1237 32.370000 -9.027960 0.003193240069876 
1238 32.380000 -8.986141 0.003175313752379 
1239 32.390000 -8.944390 0.003157505370055 
1240 32.400000 -8.902707 0.003139814040409 
1241 32.410000 -8.861093 0.003122238888054 
1242 32.420000 -8.819546 0.003104779045060 
1243 32.430000 -8.778068 0.003087433649895 
1244 32.440000 -8.736657 0.003070201849553 
1245 32.450000 -8.695313 0.003053082796711 
1246 32.460000 -8.654037 0.003036075652929 
1247 32.470000 -8.612828 0.003019179584385 
1248 32.480000 -8.571686 0.003002393765783 
1249 32.490000 -8.530611 0.002985717378579 
1250 32.500000 -8.489603 0.002969149610266 
1251 32.510000 -8.448661 0.002952689655800 
1252 32.520000 -8.407785 0.002936336716530 
1253 32.530000 -8.366976 0.002920089999847 
1254 32.540000 -8.326232 0.002903948721311 
1255 32.550000 -8.285555 0.002887912100391 
1256 32.560000 -8.244943 0.002871979365437 
1257 32.570000 -8.204396 0.002856149750130 
1258 32.580000 -8.163915 0.002840422494188 
1259 32.590000 -8.123500 0.002824796844081 
1260 32.600000 -8.083149 0.002809272052318 
1261 32.610000 -8.042863 0.002793847377447 
1262 32.620000 -8.002642 0.002778522083702 
1263 32.630000 -7.962486 0.002763295442776 
1264 32.640000 -7.922394 0.002748166730271 
1265 32.650000 -7.882366 0.002733135229960 
1266 32.660000 -7.842402 0.002718200229168 
1267 32.670000 -7.802503 0.002703361023038 
1268 32.680000 -7.762667 0.002688616910973 
1269 32.690000 -7.722895 0.002673967199840 
1270 32.700000 -7.683186 0.002659411199346 
1271 32.710000 -7.643541 0.002644948227726 
1272 32.720000 -7.603959 0.002630577607476 
1273 32.730000 -7.564439 0.002616298666425 
1274 32.740000 -7.524983 0.002602110737726 
1275 32.750000 -7.485590 0.002588013160931 
1276 32.760000 -7.446259 0.002574005280209 
1277 32.770000 -7.406991 0.002560086445413 
1278 32.780000 -7.367785 0.002546256010660 
1279 32.790000 -7.328641 0.002532513336817 
1280 32.800000 -7.289559 0.002518857789013 
1281 32.810000 -7.250539 0.002505288736998 
1282 32.820000 -7.211581 0.002491805556915 
1283 32.830000 -7.172684 0.002478407629170 
1284 32.840000 -7.133849 0.002465094339854 
1285 32.850000 -7.095075 0.002451865077902 
1286 32.860000 -7.056362 0.002438719240061 
1287 32.870000 -7.017710 0.002425656225924 
1288 32.880000 -6.979118 0.002412675440766 
1289 32.890000 -6.940588 0.002399776294126 
1290 32.900000 -6.902118 0.002386958200518 
1291 32.910000 -6.863709 0.002374220579426 
1292 32.920000 -6.825359 0.002361562854603 
1293 32.930000 -6.787070 0.002348984454414 
1294 32.940000 -6.748841 0.002336484812204 
1295 32.950000 -6.710672 0.002324063365222 
1296 32.960000 -6.672562 0.002311719555692 
1297 32.970000 -6.634512 0.002299452830101 
1298 32.980000 -6.596521 0.002287262639200 
1299 32.990000 -6.558590 0.002275148438713 
1300 33.000000 -6.520718 0.002263109687917 
1301 33.010000 -6.482904 0.002251145850707 
1302 33.020000 -6.445150 0.002239256394887 
1303 33.030000 -6.407454 0.002227440793945 
1304 33.040000 -6.369817 0.002215698522789 
1305 33.050000 -6.332239 0.002204029063790 
1306 33.060000 -6.294718 0.002192431901094 
1307 33.070000 -6.257256 0.002180906523108 
1308 33.080000 -6.219852 0.002169452423573 
1309 33.090000 -6.182505 0.002158069098712 
1310 33.100000 -6.145217 0.002146756050081 
1311 33.110000 -6.107986 0.002135512781720 
1312 33.120000 -6.070813 0.002124338803355 
1313 33.130000 -6.033696 0.002113233626844 
1314 33.140000 -5.996638 0.002102196768661 
1315 33.150000 -5.959636 0.002091227749190 
1316 33.160000 -5.922691 0.002080326092724 
1317 33.170000 -5.885803 0.002069491326395 
1318 33.180000 -5.848972 0.002058722981957 
1319 33.190000 -5.812197 0.002048020594358 
1320 33.200000 -5.775479 0.002037383702813 
1321 33.210000 -5.738817 0.002026811849021 
1322 33.220000 -5.702211 0.002016304578945 
1323 33.230000 -5.665661 0.002005861442811 
1324 33.240000 -5.629167 0.001995481992267 
1325 33.250000 -5.592729 0.001985165785001 
1326 33.260000 -5.556347 0.001974912380476 
1327 33.270000 -5.520020 0.001964721342063 
1328 33.280000 -5.483748 0.001954592236686 
1329 33.290000 -5.447532 0.001944524634112 
1330 33.300000 -5.411371 0.001934518107305 
1331 33.310000 -5.375264 0.001924572234202 
1332 33.320000 -5.339213 0.001914686593452 
1333 33.330000 -5.303217 0.001904860769741 
1334 33.340000 -5.267275 0.001895094348825 
1335 33.350000 -5.231387 0.001885386920364 
1336 33.360000 -5.195555 0.001875738077217 
1337 33.370000 -5.159776 0.001866147415086 
1338 33.380000 -5.124051 0.001856614533935 
1339 33.390000 -5.088381 0.001847139035860 
1340 33.400000 -5.052764 0.001837720525444 
1341 33.410000 -5.017201 0.001828358611178 
1342 33.420000 -4.981692 0.001819052905105 
1343 33.430000 -4.946236 0.001809803020336 
1344 33.440000 -4.910834 0.001800608575309 
1345 33.450000 -4.875484 0.001791469189527 
1346 33.460000 -4.840189 0.001782384486404 
1347 33.470000 -4.804946 0.001773354091839 
1348 33.480000 -4.769756 0.001764377634572 
1349 33.490000 -4.734618 0.001755454746544 
1350 33.500000 -4.699534 0.001746585062534 
1351 33.510000 -4.664502 0.001737768219101 
1352 33.520000 -4.629522 0.001729003856354 
1353 33.530000 -4.594595 0.001720291617957 
1354 33.540000 -4.559720 0.001711631148638 
1355 33.550000 -4.524897 0.001703022097388 
1356 33.560000 -4.490126 0.001694464114621 
1357 33.570000 -4.455407 0.001685956853947 
1358 33.580000 -4.420739 0.001677499971109 
1359 33.590000 -4.386123 0.001669093125756 
1360 33.600000 -4.351559 0.001660735978959 
1361 33.610000 -4.317046 0.001652428194276 
1362 33.620000 -4.282584 0.001644169438819 
1363 33.630000 -4.248174 0.001635959381119 
1364 33.640000 -4.213814 0.001627797692549 
1365 33.650000 -4.179506 0.001619684048038 
1366 33.660000 -4.145248 0.001611618122865 
1367 33.670000 -4.111041 0.001603599596933 
1368 33.680000 -4.076884 0.001595628151208 
1369 33.690000 -4.042778 0.001587703469141 
1370 33.700000 -4.008722 0.001579825237030 
1371 33.710000 -3.974717 0.001571993143656 
1372 33.720000 -3.940761 0.001564206878868 
1373 33.730000 -3.906856 0.001556466136776 
1374 33.740000 -3.873000 0.001548770612203 
1375 33.750000 -3.839195 0.001541120003168 
1376 33.760000 -3.805438 0.001533514009466 
1377 33.770000 -3.771732 0.001525952333736 
1378 33.780000 -3.738075 0.001518434679681 
1379 33.790000 -3.704467 0.001510960754203 
1380 33.800000 -3.670909 0.001503530266334 
1381 33.810000 -3.637400 0.001496142927238 
1382 33.820000 -3.603939 0.001488798449145 
1383 33.830000 -3.570528 0.001481496548195 
1384 33.840000 -3.537165 0.001474236941945 
1385 33.850000 -3.503851 0.001467019349377 
1386 33.860000 -3.470586 0.001459843491958 
1387 33.870000 -3.437369 0.001452709093641 
1388 33.880000 -3.404201 0.001445615880868 
1389 33.890000 -3.371080 0.001438563579725 
1390 33.900000 -3.338008 0.001431551921272 
1391 33.910000 -3.304984 0.001424580637277 
1392 33.920000 -3.272008 0.001417649460578 
1393 33.930000 -3.239080 0.001410758127207 
1394 33.940000 -3.206199 0.001403906375685 
1395 33.950000 -3.173367 0.001397093944533 
1396 33.960000 -3.140581 0.001390320575467 
1397 33.970000 -3.107843 0.001383586012338 
1398 33.980000 -3.075153 0.001376890000060 
1399 33.990000 -3.042509 0.001370232286391 
1400 34.000000 -3.009913 0.001363612619443 
1401 34.010000 -2.977364 0.001357030750881 
1402 34.020000 -2.944861 0.001350486433083 
1403 34.030000 -2.912406 0.001343979420554 
1404 34.040000 -2.879997 0.001337509469579 
1405 34.050000 -2.847634 0.001331076338928 
1406 34.060000 -2.815319 0.001324679787018 
1407 34.070000 -2.783049 0.001318319577237 
1408 34.080000 -2.750826 0.001311995471909 
1409 34.090000 -2.718649 0.001305707236199 
1410 34.100000 -2.686518 0.001299454637049 
1411 34.110000 -2.654433 0.001293237443178 
1412 34.120000 -2.622394 0.001287055424370 
1413 34.130000 -2.590401 0.001280908352541 
1414 34.140000 -2.558454 0.001274796001738 
1415 34.150000 -2.526552 0.001268718146719 
1416 34.160000 -2.494695 0.001262674564018 
1417 34.170000 -2.462884 0.001256665032656 
1418 34.180000 -2.431118 0.001250689332366 
1419 34.190000 -2.399398 0.001244747245011 
1420 34.200000 -2.367722 0.001238838553519 
1421 34.210000 -2.336092 0.001232963042597 
1422 34.220000 -2.304506 0.001227120498726 
1423 34.230000 -2.272966 0.001221310709809 
1424 34.240000 -2.241470 0.001215533465171 
1425 34.250000 -2.210018 0.001209788556267 
1426 34.260000 -2.178611 0.001204075774552 
1427 34.270000 -2.147249 0.001198394914326 
1428 34.280000 -2.115931 0.001192745771661 
1429 34.290000 -2.084657 0.001187128142632 
1430 34.300000 -2.053427 0.001181541825801 
1431 34.310000 -2.022241 0.001175986620439 
1432 34.320000 -1.991100 0.001170462329014 
1433 34.330000 -1.960002 0.001164968752931 
1434 34.340000 -1.928947 0.001159505697146 
1435 34.350000 -1.897937 0.001154072966969 
1436 34.360000 -1.866970 0.001148670368423 
1437 34.370000 -1.836047 0.001143297711081 
1438 34.380000 -1.805166 0.001137954803099 
1439 34.390000 -1.774330 0.001132641456536 
1440 34.400000 -1.743536 0.001127357483099 
1441 34.410000 -1.712786 0.001122102696982 
1442 34.420000 -1.682078 0.001116876912732 
1443 34.430000 -1.651414 0.001111679946320 
1444 34.440000 -1.620792 0.001106511616200 
1445 34.450000 -1.590213 0.001101371740830 
1446 34.460000 -1.559677 0.001096260140088 
1447 34.470000 -1.529183 0.001091176635981 
1448 34.480000 -1.498732 0.001086121050520 
1449 34.490000 -1.468323 0.001081093208555 
1450 34.500000 -1.437956 0.001076092934937 
1451 34.510000 -1.407632 0.001071120055585 
1452 34.520000 -1.377350 0.001066174398900 
1453 34.530000 -1.347109 0.001061255793644 
1454 34.540000 -1.316911 0.001056364069640 
1455 34.550000 -1.286755 0.001051499058136 
1456 34.560000 -1.256640 0.001046660591797 
1457 34.570000 -1.226567 0.001041848504357 
1458 34.580000 -1.196536 0.001037062630971 
1459 34.590000 -1.166546 0.001032302807147 
1460 34.600000 -1.136597 0.001027568870171 
1461 34.610000 -1.106690 0.001022860658395 
1462 34.620000 -1.076824 0.001018178010881 
1463 34.630000 -1.046999 0.001013520768822 
1464 34.640000 -1.017215 0.001008888773768 
1465 34.650000 -0.987473 0.001004281867623 
1466 34.660000 -0.957771 0.000999699895488 
1467 34.670000 -0.928110 0.000995142701754 
1468 34.680000 -0.898489 0.000990610132234 
1469 34.690000 -0.868909 0.000986102034517 
1470 34.700000 -0.839370 0.000981618256546 
1471 34.710000 -0.809872 0.000977158648041 
1472 34.720000 -0.780413 0.000972723058723 
1473 34.730000 -0.750995 0.000968311339733 
1474 34.740000 -0.721617 0.000963923343988 
1475 34.750000 -0.692280 0.000959558924762 
1476 34.760000 -0.662982 0.000955217936749 
1477 34.770000 -0.633724 0.000950900234642 
1478 34.780000 -0.604506 0.000946605675622 
1479 34.790000 -0.575328 0.000942334116516 
1480 34.800000 -0.546190 0.000938085416280 
1481 34.810000 -0.517091 0.000933859434227 
1482 34.820000 -0.488032 0.000929656030024 
1483 34.830000 -0.459013 0.000925475065827 
1484 34.840000 -0.430032 0.000921316403790 
1485 34.850000 -0.401091 0.000917179906423 
1486 34.860000 -0.372190 0.000913065438723 
1487 34.870000 -0.343327 0.000908972865687 
1488 34.880000 -0.314504 0.000904902053023 
1489 34.890000 -0.285719 0.000900852867858 
1490 34.900000 -0.256973 0.000896825178032 
1491 34.910000 -0.228267 0.000892818852449 
1492 34.920000 -0.199598 0.000888833760371 
1493 34.930000 -0.170969 0.000884869773188 
1494 34.940000 -0.142378 0.000880926761937 
1495 34.950000 -0.113826 0.000877004598365 
1496 34.960000 -0.085312 0.000873103157062 
1497 34.970000 -0.056836 0.000869222310840 
1498 34.980000 -0.028399 0.000865361934643 
1499 34.990000 0.000000 0.000861521905549 
