## Integrated nanoparticle-CM interaction
## Rc=10 A

GOLD-NP
N  1499 R 10.01 24.99

1 10.010000 91560937481604218880.000000 30971327893595750400.000000000000000 
2 10.020000 713623197811378816.000000 241319975359507200.000000000000000 
3 10.030000 41667695286673944.000000 14086355790707200.000000000000000 
4 10.040000 5548790042279749.000000 1875307414796100.000000000000000 
5 10.050000 1160910674765023.750000 392236614979562.500000000000000 
6 10.060000 323222302971805.812500 109175689059093.750000000000000 
7 10.070000 109608861043598.296875 37012270305558.593750000000000 
8 10.080000 42941236111339.242188 14496066972609.765625000000000 
9 10.090000 18783651583800.191406 6339155419630.273437500000000 
10 10.100000 8962958017339.275391 3023977917946.582031250000000 
11 10.110000 4588565874019.017578 1547676716296.923828125000000 
12 10.120000 2489614368033.317383 839482278136.401367187500000 
13 10.130000 1418316015272.812988 478111047038.183593750000000 
14 10.140000 842280068472.316040 283849912738.421630859375000 
15 10.150000 518430915401.793030 174662532207.846069335937500 
16 10.160000 329205732428.986572 110879949223.666381835937500 
17 10.170000 214853785839.344208 72344506702.926635742187500 
18 10.180000 143666908714.056427 48361121869.773864746093750 
19 10.190000 98167680192.426788 33035841262.184143066406250 
20 10.200000 68393345242.680862 23009546743.474197387695312 
21 10.210000 48491929211.568787 16309521063.048171997070312 
22 10.220000 34932293265.973351 11745635649.672698974609375 
23 10.230000 25531302794.621250 8582231794.643974304199219 
24 10.240000 18909137872.505802 6354435620.174598693847656 
25 10.250000 14175995871.426189 4762521853.795051574707031 
26 10.260000 10747415692.455029 3609655498.927211761474609 
27 10.270000 8232952366.737123 2764367470.671129226684570 
28 10.280000 6367674068.343977 2137467984.243631362915039 
29 10.290000 4969203434.867119 1667571064.734649658203125 
30 10.300000 3910302166.616705 1311858020.310473442077637 
31 10.310000 3101088826.489191 1040087379.286670684814453 
32 10.320000 2477329630.438317 830651176.956892013549805 
33 10.330000 1992619006.328587 667941746.389877796173096 
34 10.340000 1613088701.946927 540570281.293106079101562 
35 10.350000 1313783481.511719 440146728.310680389404297 
36 10.360000 1076149622.085457 360434431.359744071960449 
37 10.370000 886275542.946196 296758031.579393148422241 
38 10.380000 733646654.633671 245584488.665860891342163 
39 10.390000 610255588.821839 204223730.427879095077515 
40 10.400000 509960552.441586 170612813.886365294456482 
41 10.410000 428018599.751783 143158950.319394469261169 
42 10.420000 360743346.869764 120624402.076089382171631 
43 10.430000 305251989.712312 102041423.444175720214844 
44 10.440000 259276938.569310 86648937.166124582290649 
45 10.450000 221024574.582788 73845059.484140574932098 
46 10.460000 189068627.381404 63151267.666076123714447 
47 10.470000 162269170.983135 54185181.268924474716187 
48 10.480000 139710705.353673 46639759.735186398029327 
49 10.490000 120654549.377669 40267310.600486397743225 
50 10.500000 104502032.085756 34867126.888247579336166 
51 10.510000 90765879.953949 30275878.730201721191406 
52 10.520000 79047860.705438 26360107.135538011789322 
53 10.530000 69021229.202018 23010331.004408746957779 
54 10.540000 60416878.495458 20136398.698841780424118 
55 10.550000 53012364.122863 17663804.594401270151138 
56 10.560000 46623167.344162 15530757.474819943308830 
57 10.570000 41095711.205415 13685837.446643412113190 
58 10.580000 36301755.034010 12086115.603433921933174 
59 10.590000 32133877.642667 10695639.125421456992626 
60 10.600000 28501824.010946 9484206.172382831573486 
61 10.610000 25329539.572886 8426371.512472629547119 
62 10.620000 22552754.194431 7500636.581022664904594 
63 10.630000 20117007.241330 6688787.511456944048405 
64 10.640000 17976027.881867 5975352.319518104195595 
65 10.650000 16090402.487224 5347154.372484050691128 
66 10.660000 14426474.852107 4792943.929106835275888 
67 10.670000 12955435.842569 4303093.190446309745312 
68 10.680000 11652567.658114 3869343.182222079485655 
69 10.690000 10496614.684012 3484593.068146612495184 
70 10.700000 9469258.300517 3142724.302983470261097 
71 10.710000 8554677.311126 2838453.475590329617262 
72 10.720000 7739179.086267 2567208.844569837674499 
73 10.730000 7010889.273506 2325026.493357587605715 
74 10.740000 6359490.141967 2108462.775186914950609 
75 10.750000 5775999.417851 1914520.318500883877277 
76 10.760000 5252582.916354 1740585.349169746041298 
77 10.770000 4782395.451403 1584374.480258766561747 
78 10.780000 4359445.462175 1443889.441177202388644 
79 10.790000 3978479.577261 1317378.480168641544878 
80 10.800000 3634883.977426 1203303.388677258044481 
81 10.810000 3324599.943322 1100311.272229976020753 
82 10.820000 3044051.406872 1007210.337380366399884 
83 10.830000 2790082.681734 922949.083777749910951 
84 10.840000 2559904.843201 846598.389258072711527 
85 10.850000 2351049.472385 777336.057759309187531 
86 10.860000 2161328.682664 714433.467905479483306 
87 10.870000 1988800.515505 657244.016755977645516 
88 10.880000 1831738.933907 605193.100482237059623 
89 10.890000 1688607.759771 557769.413260987494141 
90 10.900000 1558038.000384 514517.378790583461523 
91 10.910000 1438808.092316 475030.556645663455129 
92 10.920000 1329826.660860 438945.889079885091633 
93 10.930000 1230117.452132 405938.673606503289193 
94 10.940000 1138806.144654 375718.163342680782080 
95 10.950000 1055108.789415 348023.711194458883256 
96 10.960000 978321.663053 322621.385905193164945 
97 10.970000 907812.349175 299300.998134119436145 
98 10.980000 843011.888588 277873.483359953388572 
99 10.990000 783407.861223 258168.595757416915148 
100 11.000000 728538.281288 240032.873469899641350 
101 11.010000 677986.203239 223327.841066499240696 
102 11.020000 631374.949891 207928.419566451339051 
103 11.030000 588363.885785 193721.518352982820943 
104 11.040000 548644.669045 180604.786683741258457 
105 11.050000 511937.923683 168485.505416020168923 
106 11.060000 477990.281797 157279.602072926354595 
107 11.070000 446571.751595 146910.774541003047489 
108 11.080000 417473.372783 137309.710559103405103 
109 11.090000 390505.125672 128413.391775870695710 
110 11.100000 365494.064576 120164.472554967505857 
111 11.110000 342282.649707 112510.724922356894240 
112 11.120000 320727.254943 105404.542106657754630 
113 11.130000 300696.831571 98802.494041802128777 
114 11.140000 282071.710538 92664.929001216660254 
115 11.150000 264742.527805 86955.616230639861897 
116 11.160000 248609.259248 81641.425055387662724 
117 11.170000 233580.353111 76692.036470302264206 
118 11.180000 219571.949452 72079.683686625503469 
119 11.190000 206507.177220 67778.918517964484636 
120 11.200000 194315.520679 63766.400845682073850 
121 11.210000 182932.247842 60020.708718421519734 
122 11.220000 172297.894407 56522.166916674177628 
123 11.230000 162357.797408 53252.692056690284517 
124 11.240000 153061.673447 50195.652522180171218 
125 11.250000 144363.236931 47335.741701188089792 
126 11.260000 136219.854252 44658.863172365818173 
127 11.270000 128592.230259 42152.026632271736162 
128 11.280000 121444.123813 39803.253485642198939 
129 11.290000 114742.089505 37601.491136074764654 
130 11.300000 108455.242972 35536.535116902814480 
131 11.310000 102555.047491 33598.958292711904505 
132 11.320000 97015.119774 31780.046442618186120 
133 11.330000 91811.053126 30071.739608074858552 
134 11.340000 86920.256281 28466.578651609597728 
135 11.350000 82321.806439 26957.656529682572000 
136 11.360000 77996.315149 25538.573833416739944 
137 11.370000 73925.805851 24203.398196025227662 
138 11.380000 70093.601959 22946.627205996628618 
139 11.390000 66484.224542 21763.154501090320991 
140 11.400000 63083.298703 20648.238750335440272 
141 11.410000 59877.467861 19597.475259992643259 
142 11.420000 56854.315229 18606.769965224884800 
143 11.430000 54002.291830 17672.315592300583376 
144 11.440000 51310.650474 16790.569796885392861 
145 11.450000 48769.385160 15958.235102574690245 
146 11.460000 46369.175432 15172.240480519758421 
147 11.470000 44101.335239 14429.724426034590579 
148 11.480000 41957.765933 13728.019401564961299 
149 11.490000 39930.913015 13064.637527592276456 
150 11.500000 38013.726332 12437.257413990664645 
151 11.510000 36199.623417 11843.712034243799280 
152 11.520000 34482.455714 11281.977553851538687 
153 11.530000 32856.477431 10750.163032305863453 
154 11.540000 31316.316818 10246.500925279724470 
155 11.550000 29856.949649 9769.338320274073340 
156 11.560000 28473.674750 9317.128844891340123 
157 11.570000 27162.091372 8888.425192307113321 
158 11.580000 25918.078296 8481.872213382484915 
159 11.590000 24737.774491 8096.200529295128945 
160 11.600000 23617.561233 7730.220622559136245 
161 11.610000 22554.045544 7382.817367958705290 
162 11.620000 21544.044856 7052.944968225710909 
163 11.630000 20584.572806 6739.622262287775811 
164 11.640000 19672.826059 6441.928376649957499 
165 11.650000 18806.172096 6158.998692959903565 
166 11.660000 17982.137880 5890.021107062420924 
167 11.670000 17198.399330 5634.232556912684231 
168 11.680000 16452.771559 5390.915798594505759 
169 11.690000 15743.199784 5159.396411401030491 
170 11.700000 15067.750900 4939.040014495185460 
171 11.710000 14424.605626 4729.249679096210457 
172 11.720000 13812.051209 4529.463521438174212 
173 11.730000 13228.474630 4339.152462934089272 
174 11.740000 12672.356278 4157.818145069268212 
175 11.750000 12142.264063 3984.990987542732910 
176 11.760000 11636.847922 3820.228379085710912 
177 11.770000 11154.834704 3663.112991216712544 
178 11.780000 10695.023399 3513.251205959113577 
179 11.790000 10256.280684 3370.271649249480106 
180 11.800000 9837.536770 3233.823822401609505 
181 11.810000 9437.781522 3103.576824584979477 
182 11.820000 9056.060836 2979.218159812262456 
183 11.830000 8691.473255 2860.452622433149372 
184 11.840000 8343.166805 2747.001255581108126 
185 11.850000 8010.336037 2638.600377444799960 
186 11.860000 7692.219255 2535.000670617637297 
187 11.870000 7388.095938 2435.966330136216129 
188 11.880000 7097.284304 2341.274266141999760 
189 11.890000 6819.139049 2250.713357405402348 
190 11.900000 6553.049220 2164.083752226088109 
191 11.910000 6298.436223 2081.196213476550838 
192 11.920000 6054.751954 2001.871504796736190 
193 11.930000 5821.477052 1925.939815160245416 
194 11.940000 5598.119257 1853.240219234385222 
195 11.950000 5384.211870 1783.620171142820254 
196 11.960000 5179.312305 1716.935029407886759 
197 11.970000 4983.000733 1653.047611010060791 
198 11.980000 4794.878812 1591.827772646229278 
199 11.990000 4614.568481 1533.152017404427170 
200 12.000000 4441.710844 1476.903125197713962 
201 12.010000 4275.965105 1422.969805414049915 
202 12.020000 4117.007578 1371.246370347807897 
203 12.030000 3964.530749 1321.632428076372889 
204 12.040000 3818.242399 1274.032593538390756 
205 12.050000 3677.864771 1228.356216653332922 
206 12.060000 3543.133796 1184.517126402715803 
207 12.070000 3413.798353 1142.433389866596372 
208 12.080000 3289.619580 1102.027085275108220 
209 12.090000 3170.370223 1063.224088199626749 
210 12.100000 3055.834021 1025.953870066109630 
211 12.110000 2945.805127 990.149308226818903 
212 12.120000 2840.087559 955.746506878654145 
213 12.130000 2738.494690 922.684628161664477 
214 12.140000 2640.848759 890.905732816599993 
215 12.150000 2546.980411 860.354629819244110 
216 12.160000 2456.728267 830.978734448331124 
217 12.170000 2369.938514 802.727934279369038 
218 12.180000 2286.464517 775.554462627542307 
219 12.190000 2206.166457 749.412778995315421 
220 12.200000 2128.910981 724.259456108143240 
221 12.210000 2054.570885 700.053073148114891 
222 12.220000 1983.024795 676.754114819186725 
223 12.230000 1914.156885 654.324875903250813 
224 12.240000 1847.856594 632.729370984441175 
225 12.250000 1784.018369 611.933249041931049 
226 12.260000 1722.541419 591.903712628675294 
227 12.270000 1663.329478 572.609441371116645 
228 12.280000 1606.290583 554.020519542348211 
229 12.290000 1551.336870 536.108367474935221 
230 12.300000 1498.384370 518.845676594787619 
231 12.310000 1447.352823 502.206347870799164 
232 12.320000 1398.165499 486.165433487076371 
233 12.330000 1350.749029 470.699081556267629 
234 12.340000 1305.033246 455.784483703826027 
235 12.350000 1260.951031 441.399825363077980 
236 12.360000 1218.438170 427.524238629860065 
237 12.370000 1177.433215 414.137757535547735 
238 12.380000 1137.877358 401.221275605098526 
239 12.390000 1099.714305 388.756505574451694 
240 12.400000 1062.890159 376.725941149186383 
241 12.410000 1027.353310 365.112820693514095 
242 12.420000 993.054328 353.901092744592916 
243 12.430000 959.945863 343.075383253756172 
244 12.440000 927.982551 332.620964461477797 
245 12.450000 897.120924 322.523725318808374 
246 12.460000 867.319318 312.770143372347320 
247 12.470000 838.537800 303.347258035228151 
248 12.480000 810.738083 294.242645170317019 
249 12.490000 783.883455 285.444392916826928 
250 12.500000 757.938708 276.941078694557063 
251 12.510000 732.870072 268.721747324445914 
252 12.520000 708.645148 260.775890206730310 
253 12.530000 685.232850 253.093425502345326 
254 12.540000 662.603349 245.664679265047425 
255 12.550000 640.728011 238.480367475705179 
256 12.560000 619.579353 231.531578931975446 
257 12.570000 599.130986 224.809758949987781 
258 12.580000 579.357572 218.306693836279919 
259 12.590000 560.234775 212.014496090989724 
260 12.600000 541.739222 205.925590305429296 
261 12.610000 523.848457 200.032699718735785 
262 12.620000 506.540904 194.328833400697931 
263 12.630000 489.795833 188.807274029397831 
264 12.640000 473.593315 183.461566233796702 
265 12.650000 457.914198 178.285505473456851 
266 12.660000 442.740068 173.273127428694806 
267 12.670000 428.053220 168.418697875875978 
268 12.680000 413.836628 163.716703024198296 
269 12.690000 400.073916 159.161840291167778 
270 12.700000 386.749334 154.749009495512269 
271 12.710000 373.847728 150.473304447137934 
272 12.720000 361.354518 146.330004914898382 
273 12.730000 349.255672 142.314568953986509 
274 12.740000 337.537687 138.422625575543634 
275 12.750000 326.187564 134.649967742203103 
276 12.760000 315.192790 130.992545673888117 
277 12.770000 304.541317 127.446460449112919 
278 12.780000 294.221543 124.007957887832276 
279 12.790000 284.222296 120.673422702429889 
280 12.800000 274.532811 117.439372904260608 
281 12.810000 265.142724 114.302454453809332 
282 12.820000 256.042044 111.259436142833579 
283 12.830000 247.221148 108.307204698004966 
284 12.840000 238.670761 105.442760095502308 
285 12.850000 230.381944 102.663211076819039 
286 12.860000 222.346080 99.965770856607605 
287 12.870000 214.554863 97.347753013607985 
288 12.880000 207.000282 94.806567556346977 
289 12.890000 199.674616 92.339717155516610 
290 12.900000 192.570417 89.944793535576650 
291 12.910000 185.680500 87.619474018222832 
292 12.920000 178.997937 85.361518210933696 
293 12.930000 172.516043 83.168764834002218 
294 12.940000 166.228367 81.039128679864803 
295 12.950000 160.128686 78.970597698750566 
296 12.960000 154.210994 76.961230205088782 
297 12.970000 148.469492 75.009152199169193 
298 12.980000 142.898585 73.112554799115514 
299 12.990000 137.492871 71.269691778115885 
300 13.000000 132.247133 69.478877202386968 
301 13.010000 127.156335 67.738483165408070 
302 13.020000 122.215613 66.046937614196111 
303 13.030000 117.420269 64.402722263609746 
304 13.040000 112.765766 62.804370594891168 
305 13.050000 108.247720 61.250465934692500 
306 13.060000 103.861896 59.739639611213136 
307 13.070000 99.604203 58.270569184058729 
308 13.080000 95.470685 56.841976744678391 
309 13.090000 91.457522 55.452627284350342 
310 13.100000 87.561020 54.101327126787169 
311 13.110000 83.777608 52.786922422710347 
312 13.120000 80.103835 51.508297703662720 
313 13.130000 76.536363 50.264374492607544 
314 13.140000 73.071966 49.054109968886905 
315 13.150000 69.707524 47.876495685278542 
316 13.160000 66.440018 46.730556334954088 
317 13.170000 63.266529 45.615348566255420 
318 13.180000 60.184235 44.529959843293909 
319 13.190000 57.190403 43.473507350462626 
320 13.200000 54.282391 42.445136939036843 
321 13.210000 51.457641 41.444022114184520 
322 13.220000 48.713680 40.469363060617525 
323 13.230000 46.048112 39.520385705371552 
324 13.240000 43.458619 38.596340816201291 
325 13.250000 40.942959 37.696503134082349 
326 13.260000 38.498958 36.820170538465646 
327 13.270000 36.124515 35.966663243965513 
328 13.280000 33.817593 35.135323027195398 
329 13.290000 31.576221 34.325512482509168 
330 13.300000 29.398490 33.536614305553769 
331 13.310000 27.282551 32.768030603439513 
332 13.320000 25.226612 32.019182230518339 
333 13.330000 23.228939 31.289508148733347 
334 13.340000 21.287851 30.578464811547690 
335 13.350000 19.401721 29.885525570536231 
336 13.360000 17.568970 29.210180103748229 
337 13.370000 15.788070 28.551933864954293 
338 13.380000 14.057538 27.910307552995306 
339 13.390000 12.375941 27.284836600415474 
340 13.400000 10.741884 26.675070680634150 
341 13.410000 9.154021 26.080573232944460 
342 13.420000 7.611042 25.500921004633881 
343 13.430000 6.111680 24.935703609563120 
344 13.440000 4.654706 24.384523102585121 
345 13.450000 3.238928 23.846993569158315 
346 13.460000 1.863189 23.322740729612690 
347 13.470000 0.526369 22.811401557476785 
348 13.480000 -0.772619 22.312623911339102 
349 13.490000 -2.034831 21.826066179723114 
350 13.500000 -3.261290 21.351396938497658 
351 13.510000 -4.452987 20.888294620323222 
352 13.520000 -5.610885 20.436447195692153 
353 13.530000 -6.735920 19.995551865133265 
354 13.540000 -7.828997 19.565314762144581 
355 13.550000 -8.890997 19.145450666464114 
356 13.560000 -9.922773 18.735682727284342 
357 13.570000 -10.925153 18.335742196052962 
358 13.580000 -11.898943 17.945368168479803 
359 13.590000 -12.844923 17.564307335436524 
360 13.600000 -13.763852 17.192313742395271 
361 13.610000 -14.656464 16.829148557110329 
362 13.620000 -15.523474 16.474579845231929 
363 13.630000 -16.365577 16.128382353548076 
364 13.640000 -17.183446 15.790337300605017 
365 13.650000 -17.977736 15.460232174411459 
366 13.660000 -18.749081 15.137860536975722 
367 13.670000 -19.498099 14.823021835431405 
368 13.680000 -20.225390 14.515521219513161 
369 13.690000 -20.931535 14.215169365145641 
370 13.700000 -21.617102 13.921782303936325 
371 13.710000 -22.282638 13.635181258350215 
372 13.720000 -22.928679 13.355192482367784 
373 13.730000 -23.555744 13.081647107429717 
374 13.740000 -24.164336 12.814380993478380 
375 13.750000 -24.754946 12.553234584918371 
376 13.760000 -25.328050 12.298052771321721 
377 13.770000 -25.884110 12.048684752695493 
378 13.780000 -26.423578 11.804983909172506 
379 13.790000 -26.946890 11.566807674963897 
380 13.800000 -27.454472 11.334017416407960 
381 13.810000 -27.946736 11.106478313988433 
382 13.820000 -28.424085 10.884059248182254 
383 13.830000 -28.886910 10.666632688993971 
384 13.840000 -29.335590 10.454074589057072 
385 13.850000 -29.770495 10.246264280175765 
386 13.860000 -30.191985 10.043084373189259 
387 13.870000 -30.600409 9.844420661038455 
388 13.880000 -30.996106 9.650162024936293 
389 13.890000 -31.379408 9.460200343521308 
390 13.900000 -31.750636 9.274430404903100 
391 13.910000 -32.110103 9.092749821497392 
392 13.920000 -32.458113 8.915058947552978 
393 13.930000 -32.794963 8.741260799279615 
394 13.940000 -33.120940 8.571260977498341 
395 13.950000 -33.436325 8.404967592711543 
396 13.960000 -33.741390 8.242291192522799 
397 13.970000 -34.036402 8.083144691331157 
398 13.980000 -34.321618 7.927443302208559 
399 13.990000 -34.597290 7.775104470902505 
400 14.000000 -34.863663 7.626047811882586 
401 14.010000 -35.120975 7.480195046367299 
402 14.020000 -35.369457 7.337469942269337 
403 14.030000 -35.609336 7.197798255982235 
404 14.040000 -35.840830 7.061107675964351 
405 14.050000 -36.064155 6.927327768045188 
406 14.060000 -36.279518 6.796389922413226 
407 14.070000 -36.487123 6.668227302213836 
408 14.080000 -36.687165 6.542774793715722 
409 14.090000 -36.879839 6.419968957991529 
410 14.100000 -37.065330 6.299747984059678 
411 14.110000 -37.243823 6.182051643447295 
412 14.120000 -37.415493 6.066821246117371 
413 14.130000 -37.580514 5.953999597729620 
414 14.140000 -37.739054 5.843530958178889 
415 14.150000 -37.891278 5.735361001376305 
416 14.160000 -38.037346 5.629436776234442 
417 14.170000 -38.177412 5.525706668815644 
418 14.180000 -38.311630 5.424120365602647 
419 14.190000 -38.440146 5.324628817863086 
420 14.200000 -38.563105 5.227184207069158 
421 14.210000 -38.680647 5.131739911335487 
422 14.220000 -38.792908 5.038250472850336 
423 14.230000 -38.900023 4.946671566263205 
424 14.240000 -39.002120 4.856959967997199 
425 14.250000 -39.099327 4.769073526466983 
426 14.260000 -39.191766 4.682971133157920 
427 14.270000 -39.279557 4.598612694554305 
428 14.280000 -39.362819 4.515959104882583 
429 14.290000 -39.441664 4.434972219645061 
430 14.300000 -39.516205 4.355614829918153 
431 14.310000 -39.586550 4.277850637396696 
432 14.320000 -39.652804 4.201644230155566 
433 14.330000 -39.715071 4.126961059106904 
434 14.340000 -39.773450 4.053767415135923 
435 14.350000 -39.828041 3.982030406890047 
436 14.360000 -39.878938 3.911717939202575 
437 14.370000 -39.926235 3.842798692130600 
438 14.380000 -39.970023 3.775242100590859 
439 14.390000 -40.010390 3.709018334572889 
440 14.400000 -40.047422 3.644098279912100 
441 14.410000 -40.081203 3.580453519606763 
442 14.420000 -40.111817 3.518056315662932 
443 14.430000 -40.139342 3.456879591447404 
444 14.440000 -40.163857 3.396896914536995 
445 14.450000 -40.185439 3.338082480052762 
446 14.460000 -40.204161 3.280411094452873 
447 14.470000 -40.220096 3.223858159783788 
448 14.480000 -40.233315 3.168399658365217 
449 14.490000 -40.243886 3.114012137903899 
450 14.500000 -40.251877 3.060672697019839 
451 14.510000 -40.257354 3.008358971168335 
452 14.520000 -40.260380 2.957049118958821 
453 14.530000 -40.261019 2.906721808842150 
454 14.540000 -40.259330 2.857356206168404 
455 14.550000 -40.255374 2.808931960598926 
456 14.560000 -40.249209 2.761429193864018 
457 14.570000 -40.240891 2.714828487850696 
458 14.580000 -40.230475 2.669110873021197 
459 14.590000 -40.218015 2.624257817141640 
460 14.600000 -40.203564 2.580251214319063 
461 14.610000 -40.187174 2.537073374334042 
462 14.620000 -40.168893 2.494707012263220 
463 14.630000 -40.148772 2.453135238381066 
464 14.640000 -40.126858 2.412341548332364 
465 14.650000 -40.103198 2.372309813570794 
466 14.660000 -40.077836 2.333024272051176 
467 14.670000 -40.050817 2.294469519173248 
468 14.680000 -40.022186 2.256630498968093 
469 14.690000 -39.991983 2.219492495513364 
470 14.700000 -39.960250 2.183041124583340 
471 14.710000 -39.927028 2.147262325520671 
472 14.720000 -39.892355 2.112142353315605 
473 14.730000 -39.856270 2.077667770904412 
474 14.740000 -39.818811 2.043825441662861 
475 14.750000 -39.780014 2.010602522104676 
476 14.760000 -39.739915 1.977986454763681 
477 14.770000 -39.698549 1.945964961270974 
478 14.780000 -39.655949 1.914526035605491 
479 14.790000 -39.612149 1.883657937525740 
480 14.800000 -39.567181 1.853349186173503 
481 14.810000 -39.521078 1.823588553837396 
482 14.820000 -39.473870 1.794365059886260 
483 14.830000 -39.425586 1.765667964855311 
484 14.840000 -39.376258 1.737486764684348 
485 14.850000 -39.325913 1.709811185108023 
486 14.860000 -39.274579 1.682631176188210 
487 14.870000 -39.222285 1.655936906987421 
488 14.880000 -39.169056 1.629718760379717 
489 14.890000 -39.114919 1.603967327992351 
490 14.900000 -39.059900 1.578673405278863 
491 14.910000 -39.004023 1.553827986717238 
492 14.920000 -38.947314 1.529422261128843 
493 14.930000 -38.889795 1.505447607117816 
494 14.940000 -38.831490 1.481895588628390 
495 14.950000 -38.772421 1.458757950606682 
496 14.960000 -38.712612 1.436026614782193 
497 14.970000 -38.652083 1.413693675547378 
498 14.980000 -38.590856 1.391751395947338 
499 14.990000 -38.528951 1.370192203764020 
500 15.000000 -38.466388 1.349008687703801 
501 15.010000 -38.403188 1.328193593678151 
502 15.020000 -38.339369 1.307739821175602 
503 15.030000 -38.274951 1.287640419727865 
504 15.040000 -38.209951 1.267888585460852 
505 15.050000 -38.144388 1.248477657732394 
506 15.060000 -38.078279 1.229401115853790 
507 15.070000 -38.011641 1.210652575890236 
508 15.080000 -37.944491 1.192225787543322 
509 15.090000 -37.876845 1.174114631108836 
510 15.100000 -37.808720 1.156313114508123 
511 15.110000 -37.740130 1.138815370394042 
512 15.120000 -37.671091 1.121615653328334 
513 15.130000 -37.601619 1.104708337025784 
514 15.140000 -37.531726 1.088087911668367 
515 15.150000 -37.461428 1.071748981280507 
516 15.160000 -37.390739 1.055686261175381 
517 15.170000 -37.319671 1.039894575453815 
518 15.180000 -37.248239 1.024368854573154 
519 15.190000 -37.176454 1.009104132968375 
520 15.200000 -37.104330 0.994095546732510 
521 15.210000 -37.031880 0.979338331355706 
522 15.220000 -36.959114 0.964827819512593 
523 15.230000 -36.886045 0.950559438910048 
524 15.240000 -36.812684 0.936528710180795 
525 15.250000 -36.739043 0.922731244829222 
526 15.260000 -36.665132 0.909162743228009 
527 15.270000 -36.590962 0.895818992660935 
528 15.280000 -36.516544 0.882695865410810 
529 15.290000 -36.441887 0.869789316894654 
530 15.300000 -36.367002 0.857095383845063 
531 15.310000 -36.291899 0.844610182529237 
532 15.320000 -36.216586 0.832329907014895 
533 15.330000 -36.141074 0.820250827475277 
534 15.340000 -36.065371 0.808369288533228 
535 15.350000 -35.989486 0.796681707645774 
536 15.360000 -35.913428 0.785184573524944 
537 15.370000 -35.837206 0.773874444598377 
538 15.380000 -35.760826 0.762747947501552 
539 15.390000 -35.684299 0.751801775609096 
540 15.400000 -35.607631 0.741032687598420 
541 15.410000 -35.530830 0.730437506047465 
542 15.420000 -35.453903 0.720013116064067 
543 15.430000 -35.376859 0.709756463947997 
544 15.440000 -35.299703 0.699664555883217 
545 15.450000 -35.222444 0.689734456660673 
546 15.460000 -35.145088 0.679963288432717 
547 15.470000 -35.067641 0.670348229489193 
548 15.480000 -34.990111 0.660886513071191 
549 15.490000 -34.912503 0.651575426205042 
550 15.500000 -34.834823 0.642412308564744 
551 15.510000 -34.757079 0.633394551362443 
552 15.520000 -34.679274 0.624519596260598 
553 15.530000 -34.601417 0.615784934312202 
554 15.540000 -34.523511 0.607188104923395 
555 15.550000 -34.445563 0.598726694839868 
556 15.560000 -34.367578 0.590398337155662 
557 15.570000 -34.289561 0.582200710347536 
558 15.580000 -34.211517 0.574131537323908 
559 15.590000 -34.133452 0.566188584505767 
560 15.600000 -34.055369 0.558369660916824 
561 15.610000 -33.977275 0.550672617302794 
562 15.620000 -33.899173 0.543095345268085 
563 15.630000 -33.821068 0.535635776428123 
564 15.640000 -33.742964 0.528291881584764 
565 15.650000 -33.664867 0.521061669920542 
566 15.660000 -33.586779 0.513943188205346 
567 15.670000 -33.508706 0.506934520028679 
568 15.680000 -33.430650 0.500033785041509 
569 15.690000 -33.352617 0.493239138220858 
570 15.700000 -33.274609 0.486548769144335 
571 15.710000 -33.196631 0.479960901289189 
572 15.720000 -33.118686 0.473473791337753 
573 15.730000 -33.040778 0.467085728503136 
574 15.740000 -32.962910 0.460795033871975 
575 15.750000 -32.885085 0.454600059754995 
576 15.760000 -32.807308 0.448499189055696 
577 15.770000 -32.729580 0.442490834655374 
578 15.780000 -32.651905 0.436573438804899 
579 15.790000 -32.574287 0.430745472537097 
580 15.800000 -32.496727 0.425005435085524 
581 15.810000 -32.419230 0.419351853319938 
582 15.820000 -32.341797 0.413783281192082 
583 15.830000 -32.264432 0.408298299195309 
584 15.840000 -32.187138 0.402895513833812 
585 15.850000 -32.109916 0.397573557104280 
586 15.860000 -32.032769 0.392331085987507 
587 15.870000 -31.955700 0.387166781954562 
588 15.880000 -31.878711 0.382079350479358 
589 15.890000 -31.801805 0.377067520563301 
590 15.900000 -31.724984 0.372130044269880 
591 15.910000 -31.648250 0.367265696270636 
592 15.920000 -31.571605 0.362473273398933 
593 15.930000 -31.495051 0.357751594214051 
594 15.940000 -31.418591 0.353099498574139 
595 15.950000 -31.342226 0.348515847218422 
596 15.960000 -31.265959 0.343999521358995 
597 15.970000 -31.189790 0.339549422280072 
598 15.980000 -31.113723 0.335164470947191 
599 15.990000 -31.037759 0.330843607622100 
600 16.000000 -30.961899 0.326585791487943 
601 16.010000 -30.886145 0.322390000282269 
602 16.020000 -30.810499 0.318255229938202 
603 16.030000 -30.734963 0.314180494227756 
604 16.040000 -30.659537 0.310164824422898 
605 16.050000 -30.584224 0.306207268953784 
606 16.060000 -30.509025 0.302306893079418 
607 16.070000 -30.433942 0.298462778563646 
608 16.080000 -30.358975 0.294674023357899 
609 16.090000 -30.284126 0.290939741291396 
610 16.100000 -30.209397 0.287259061766676 
611 16.110000 -30.134788 0.283631129460815 
612 16.120000 -30.060302 0.280055104036592 
613 16.130000 -29.985938 0.276530159853650 
614 16.140000 -29.911698 0.273055485690676 
615 16.150000 -29.837584 0.269630284471845 
616 16.160000 -29.763596 0.266253772996805 
617 16.170000 -29.689736 0.262925181679208 
618 16.180000 -29.616004 0.259643754288064 
619 16.190000 -29.542401 0.256408747696568 
620 16.200000 -29.468929 0.253219431635543 
621 16.210000 -29.395588 0.250075088449719 
622 16.220000 -29.322379 0.246975012861839 
623 16.230000 -29.249304 0.243918511739949 
624 16.240000 -29.176362 0.240904903870387 
625 16.250000 -29.103554 0.237933519732891 
626 16.260000 -29.030883 0.235003701285308 
627 16.270000 -28.958347 0.232114801747585 
628 16.280000 -28.885948 0.229266185391452 
629 16.290000 -28.813687 0.226457227336141 
630 16.300000 -28.741563 0.223687313346588 
631 16.310000 -28.669579 0.220955839636616 
632 16.320000 -28.597734 0.218262212673892 
633 16.330000 -28.526029 0.215605848992695 
634 16.340000 -28.454465 0.212986175005980 
635 16.350000 -28.383042 0.210402626824902 
636 16.360000 -28.311761 0.207854650080108 
637 16.370000 -28.240622 0.205341699745887 
638 16.380000 -28.169625 0.202863239969986 
639 16.390000 -28.098772 0.200418743904507 
640 16.400000 -28.028062 0.198007693542124 
641 16.410000 -27.957496 0.195629579555145 
642 16.420000 -27.887075 0.193283901135644 
643 16.430000 -27.816798 0.190970165840909 
644 16.440000 -27.746666 0.188687889442107 
645 16.450000 -27.676680 0.186436595774708 
646 16.460000 -27.606840 0.184215816591760 
647 16.470000 -27.537145 0.182025091422844 
648 16.480000 -27.467597 0.179863967429128 
649 16.490000 -27.398196 0.177731999271202 
650 16.500000 -27.328942 0.175628748969459 
651 16.510000 -27.259834 0.173553785773706 
652 16.520000 -27.190875 0.171506686032785 
653 16.530000 -27.122062 0.169487033068805 
654 16.540000 -27.053398 0.167494417048530 
655 16.550000 -26.984881 0.165528434865791 
656 16.560000 -26.916513 0.163588690016780 
657 16.570000 -26.848293 0.161674792485655 
658 16.580000 -26.780221 0.159786358626235 
659 16.590000 -26.712298 0.157923011052929 
660 16.600000 -26.644523 0.156084378524213 
661 16.610000 -26.576898 0.154270095837461 
662 16.620000 -26.509421 0.152479803721661 
663 16.630000 -26.442093 0.150713148730475 
664 16.640000 -26.374914 0.148969783141339 
665 16.650000 -26.307884 0.147249364854574 
666 16.660000 -26.241004 0.145551557293544 
667 16.670000 -26.174272 0.143876029307677 
668 16.680000 -26.107689 0.142222455076890 
669 16.690000 -26.041256 0.140590514021000 
670 16.700000 -25.974972 0.138979890703084 
671 16.710000 -25.908837 0.137390274744575 
672 16.720000 -25.842851 0.135821360732535 
673 16.730000 -25.777014 0.134272848137940 
674 16.740000 -25.711327 0.132744441225796 
675 16.750000 -25.645788 0.131235848974853 
676 16.760000 -25.580398 0.129746784995532 
677 16.770000 -25.515157 0.128276967449636 
678 16.780000 -25.450065 0.126826118970058 
679 16.790000 -25.385122 0.125393966585108 
680 16.800000 -25.320328 0.123980241642130 
681 16.810000 -25.255682 0.122584679734672 
682 16.820000 -25.191184 0.121207020626457 
683 16.830000 -25.126835 0.119847008181040 
684 16.840000 -25.062634 0.118504390293239 
685 16.850000 -24.998581 0.117178918817729 
686 16.860000 -24.934676 0.115870349501890 
687 16.870000 -24.870919 0.114578441920798 
688 16.880000 -24.807309 0.113302959408657 
689 16.890000 -24.743847 0.112043668999107 
690 16.900000 -24.680533 0.110800341358086 
691 16.910000 -24.617365 0.109572750725917 
692 16.920000 -24.554345 0.108360674853003 
693 16.930000 -24.491471 0.107163894943341 
694 16.940000 -24.428745 0.105982195594478 
695 16.950000 -24.366164 0.104815364740674 
696 16.960000 -24.303730 0.103663193597114 
697 16.970000 -24.241442 0.102525476603077 
698 16.980000 -24.179300 0.101402011370055 
699 16.990000 -24.117303 0.100292598626339 
700 17.000000 -24.055452 0.099197042164789 
701 17.010000 -23.993746 0.098115148794164 
702 17.020000 -23.932186 0.097046728285122 
703 17.030000 -23.870770 0.095991593322964 
704 17.040000 -23.809498 0.094949559458612 
705 17.050000 -23.748371 0.093920445060292 
706 17.060000 -23.687388 0.092904071267341 
707 17.070000 -23.626549 0.091900261943678 
708 17.080000 -23.565853 0.090908843632675 
709 17.090000 -23.505301 0.089929645512754 
710 17.100000 -23.444892 0.088962499354750 
711 17.110000 -23.384625 0.088007239476795 
712 17.120000 -23.324501 0.087063702704882 
713 17.130000 -23.264520 0.086131728329875 
714 17.140000 -23.204680 0.085211158067366 
715 17.150000 -23.144982 0.084301836018241 
716 17.160000 -23.085426 0.083403608628529 
717 17.170000 -23.026011 0.082516324652104 
718 17.180000 -22.966737 0.081639835112313 
719 17.190000 -22.907603 0.080773993265382 
720 17.200000 -22.848610 0.079918654562405 
721 17.210000 -22.789756 0.079073676615238 
722 17.220000 -22.731043 0.078238919162033 
723 17.230000 -22.672469 0.077414244029228 
724 17.240000 -22.614034 0.076599515100995 
725 17.250000 -22.555738 0.075794598285839 
726 17.260000 -22.497581 0.074999361480010 
727 17.270000 -22.439562 0.074213674540147 
728 17.280000 -22.381680 0.073437409249166 
729 17.290000 -22.323937 0.072670439285005 
730 17.300000 -22.266331 0.071912640190774 
731 17.310000 -22.208862 0.071163889344561 
732 17.320000 -22.151529 0.070424065930297 
733 17.330000 -22.094333 0.069693050908270 
734 17.340000 -22.037273 0.068970726987061 
735 17.350000 -21.980349 0.068256978594405 
736 17.360000 -21.923560 0.067551691852685 
737 17.370000 -21.866906 0.066854754548018 
738 17.380000 -21.810388 0.066166056106098 
739 17.390000 -21.754003 0.065485487565553 
740 17.400000 -21.697753 0.064812941553782 
741 17.410000 -21.641637 0.064148312257828 
742 17.420000 -21.585654 0.063491495403767 
743 17.430000 -21.529804 0.062842388230422 
744 17.440000 -21.474087 0.062200889466268 
745 17.450000 -21.418503 0.061566899304211 
746 17.460000 -21.363051 0.060940319379910 
747 17.470000 -21.307730 0.060321052749401 
748 17.480000 -21.252542 0.059709003865294 
749 17.490000 -21.197484 0.059104078557226 
750 17.500000 -21.142557 0.058506184006646 
751 17.510000 -21.087761 0.057915228728689 
752 17.520000 -21.033095 0.057331122550508 
753 17.530000 -20.978558 0.056753776590668 
754 17.540000 -20.924151 0.056183103238183 
755 17.550000 -20.869874 0.055619016133335 
756 17.560000 -20.815725 0.055061430149195 
757 17.570000 -20.761704 0.054510261370666 
758 17.580000 -20.707812 0.053965427077429 
759 17.590000 -20.654047 0.053426845723692 
760 17.600000 -20.600410 0.052894436920781 
761 17.610000 -20.546900 0.052368121419377 
762 17.620000 -20.493517 0.051847821092110 
763 17.630000 -20.440260 0.051333458916147 
764 17.640000 -20.387129 0.050824958955076 
765 17.650000 -20.334124 0.050322246343981 
766 17.660000 -20.281244 0.049825247271329 
767 17.670000 -20.228490 0.049333888964043 
768 17.680000 -20.175860 0.048848099670806 
769 17.690000 -20.123354 0.048367808646788 
770 17.700000 -20.070972 0.047892946138006 
771 17.710000 -20.018714 0.047423443366412 
772 17.720000 -19.966580 0.046959232514965 
773 17.730000 -19.914568 0.046500246713421 
774 17.740000 -19.862679 0.046046420021995 
775 17.750000 -19.810912 0.045597687419985 
776 17.760000 -19.759267 0.045153984790502 
777 17.770000 -19.707744 0.044715248905902 
778 17.780000 -19.656341 0.044281417416414 
779 17.790000 -19.605060 0.043852428834157 
780 17.800000 -19.553900 0.043428222522124 
781 17.810000 -19.502859 0.043008738682460 
782 17.820000 -19.451939 0.042593918339762 
783 17.830000 -19.401138 0.042183703332555 
784 17.840000 -19.350456 0.041778036299434 
785 17.850000 -19.299893 0.041376860666631 
786 17.860000 -19.249448 0.040980120638068 
787 17.870000 -19.199122 0.040587761181499 
788 17.880000 -19.148913 0.040199728017853 
789 17.890000 -19.098822 0.039815967612000 
790 17.900000 -19.048848 0.039436427157824 
791 17.910000 -18.998991 0.039061054570055 
792 17.920000 -18.949250 0.038689798473968 
793 17.930000 -18.899625 0.038322608191876 
794 17.940000 -18.850116 0.037959433736390 
795 17.950000 -18.800723 0.037600225796908 
796 17.960000 -18.751444 0.037244935732872 
797 17.970000 -18.702280 0.036893515560266 
798 17.980000 -18.653231 0.036545917945929 
799 17.990000 -18.604296 0.036202096193705 
800 18.000000 -18.555474 0.035862004238751 
801 18.010000 -18.506766 0.035525596635466 
802 18.020000 -18.458171 0.035192828550379 
803 18.030000 -18.409688 0.034863655752559 
804 18.040000 -18.361318 0.034538034603671 
805 18.050000 -18.313060 0.034215922050862 
806 18.060000 -18.264914 0.033897275617534 
807 18.070000 -18.216879 0.033582053394809 
808 18.080000 -18.168955 0.033270214034076 
809 18.090000 -18.121142 0.032961716736324 
810 18.100000 -18.073439 0.032656521248597 
811 18.110000 -18.025847 0.032354587850847 
812 18.120000 -17.978364 0.032055877352377 
813 18.130000 -17.930990 0.031760351081900 
814 18.140000 -17.883725 0.031467970881138 
815 18.150000 -17.836569 0.031178699097012 
816 18.160000 -17.789522 0.030892498572754 
817 18.170000 -17.742583 0.030609332644715 
818 18.180000 -17.695751 0.030329165130993 
819 18.190000 -17.649027 0.030051960326460 
820 18.200000 -17.602410 0.029777682996723 
821 18.210000 -17.555899 0.029506298369952 
822 18.220000 -17.509495 0.029237772129775 
823 18.230000 -17.463197 0.028972070411015 
824 18.240000 -17.417005 0.028709159791163 
825 18.250000 -17.370919 0.028449007284692 
826 18.260000 -17.324938 0.028191580337378 
827 18.270000 -17.279061 0.027936846819188 
828 18.280000 -17.233289 0.027684775018955 
829 18.290000 -17.187621 0.027435333637982 
830 18.300000 -17.142057 0.027188491785068 
831 18.310000 -17.096597 0.026944218969049 
832 18.320000 -17.051240 0.026702485094532 
833 18.330000 -17.005985 0.026463260456211 
834 18.340000 -16.960834 0.026226515732120 
835 18.350000 -16.915785 0.025992221980431 
836 18.360000 -16.870837 0.025760350631288 
837 18.370000 -16.825992 0.025530873484669 
838 18.380000 -16.781247 0.025303762701512 
839 18.390000 -16.736604 0.025078990802996 
840 18.400000 -16.692062 0.024856530661665 
841 18.410000 -16.647620 0.024636355498231 
842 18.420000 -16.603278 0.024418438876950 
843 18.430000 -16.559036 0.024202754699232 
844 18.440000 -16.514893 0.023989277201864 
845 18.450000 -16.470850 0.023777980948836 
846 18.460000 -16.426906 0.023568840829213 
847 18.470000 -16.383060 0.023361832051805 
848 18.480000 -16.339312 0.023156930140189 
849 18.490000 -16.295663 0.022954110930229 
850 18.500000 -16.252111 0.022753350562610 
851 18.510000 -16.208656 0.022554625481774 
852 18.520000 -16.165299 0.022357912429882 
853 18.530000 -16.122039 0.022163188443258 
854 18.540000 -16.078875 0.021970430848128 
855 18.550000 -16.035807 0.021779617256712 
856 18.560000 -15.992835 0.021590725562959 
857 18.570000 -15.949958 0.021403733940417 
858 18.580000 -15.907177 0.021218620835128 
859 18.590000 -15.864491 0.021035364964916 
860 18.600000 -15.821900 0.020853945314059 
861 18.610000 -15.779403 0.020674341130089 
862 18.620000 -15.737001 0.020496531919889 
863 18.630000 -15.694692 0.020320497447557 
864 18.640000 -15.652477 0.020146217728723 
865 18.650000 -15.610355 0.019973673027351 
866 18.660000 -15.568326 0.019802843855388 
867 18.670000 -15.526389 0.019633710965294 
868 18.680000 -15.484546 0.019466255349343 
869 18.690000 -15.442794 0.019300458235705 
870 18.700000 -15.401134 0.019136301084544 
871 18.710000 -15.359566 0.018973765586239 
872 18.720000 -15.318089 0.018812833657833 
873 18.730000 -15.276703 0.018653487439124 
874 18.740000 -15.235408 0.018495709289823 
875 18.750000 -15.194203 0.018339481787422 
876 18.760000 -15.153088 0.018184787724351 
877 18.770000 -15.112063 0.018031610104075 
878 18.780000 -15.071128 0.017879932138243 
879 18.790000 -15.030282 0.017729737245631 
880 18.800000 -14.989526 0.017581009047163 
881 18.810000 -14.948858 0.017433731364136 
882 18.820000 -14.908278 0.017287888216089 
883 18.830000 -14.867787 0.017143463817604 
884 18.840000 -14.827384 0.017000442575110 
885 18.850000 -14.787068 0.016858809086173 
886 18.860000 -14.746840 0.016718548134520 
887 18.870000 -14.706699 0.016579644689330 
888 18.880000 -14.666645 0.016442083901680 
889 18.890000 -14.626678 0.016305851103482 
890 18.900000 -14.586797 0.016170931803572 
891 18.910000 -14.547002 0.016037311687001 
892 18.920000 -14.507293 0.015904976610770 
893 18.930000 -14.467669 0.015773912602413 
894 18.940000 -14.428131 0.015644105859280 
895 18.950000 -14.388678 0.015515542743572 
896 18.960000 -14.349310 0.015388209781619 
897 18.970000 -14.310026 0.015262093662116 
898 18.980000 -14.270826 0.015137181233982 
899 18.990000 -14.231711 0.015013459502100 
900 19.000000 -14.192679 0.014890915628385 
901 19.010000 -14.153731 0.014769536927162 
902 19.020000 -14.114865 0.014649310865522 
903 19.030000 -14.076083 0.014530225059417 
904 19.040000 -14.037384 0.014412267272235 
905 19.050000 -13.998767 0.014295425412669 
906 19.060000 -13.960232 0.014179687534366 
907 19.070000 -13.921780 0.014065041832012 
908 19.080000 -13.883409 0.013951476639917 
909 19.090000 -13.845119 0.013838980432013 
910 19.100000 -13.806911 0.013727541817588 
911 19.110000 -13.768784 0.013617149540224 
912 19.120000 -13.730737 0.013507792478151 
913 19.130000 -13.692771 0.013399459638919 
914 19.140000 -13.654885 0.013292140160814 
915 19.150000 -13.617080 0.013185823308604 
916 19.160000 -13.579353 0.013080498475304 
917 19.170000 -13.541707 0.012976155177213 
918 19.180000 -13.504140 0.012872783053197 
919 19.190000 -13.466651 0.012770371864690 
920 19.200000 -13.429242 0.012668911491431 
921 19.210000 -13.391911 0.012568391933243 
922 19.220000 -13.354658 0.012468803305410 
923 19.230000 -13.317484 0.012370135839035 
924 19.240000 -13.280387 0.012272379879619 
925 19.250000 -13.243368 0.012175525883151 
926 19.260000 -13.206426 0.012079564418599 
927 19.270000 -13.169562 0.011984486163641 
928 19.280000 -13.132774 0.011890281903426 
929 19.290000 -13.096063 0.011796942531106 
930 19.300000 -13.059428 0.011704459044459 
931 19.310000 -13.022870 0.011612822545359 
932 19.320000 -12.986388 0.011522024238886 
933 19.330000 -12.949981 0.011432055431015 
934 19.340000 -12.913650 0.011342907528267 
935 19.350000 -12.877394 0.011254572035746 
936 19.360000 -12.841213 0.011167040556614 
937 19.370000 -12.805107 0.011080304790134 
938 19.380000 -12.769076 0.010994356530958 
939 19.390000 -12.733119 0.010909187667529 
940 19.400000 -12.697236 0.010824790181552 
941 19.410000 -12.661427 0.010741156145855 
942 19.420000 -12.625692 0.010658277724396 
943 19.430000 -12.590030 0.010576147169949 
944 19.440000 -12.554442 0.010494756823753 
945 19.450000 -12.518926 0.010414099114797 
946 19.460000 -12.483484 0.010334166557158 
947 19.470000 -12.448114 0.010254951750532 
948 19.480000 -12.412816 0.010176447378463 
949 19.490000 -12.377591 0.010098646207801 
950 19.500000 -12.342438 0.010021541086225 
951 19.510000 -12.307356 0.009945124943478 
952 19.520000 -12.272346 0.009869390788353 
953 19.530000 -12.237407 0.009794331708868 
954 19.540000 -12.202540 0.009719940871022 
955 19.550000 -12.167743 0.009646211517378 
956 19.560000 -12.133017 0.009573136966701 
957 19.570000 -12.098361 0.009500710613075 
958 19.580000 -12.063776 0.009428925924482 
959 19.590000 -12.029261 0.009357776441732 
960 19.600000 -11.994815 0.009287255778467 
961 19.610000 -11.960440 0.009217357619917 
962 19.620000 -11.926133 0.009148075721299 
963 19.630000 -11.891896 0.009079403907819 
964 19.640000 -11.857728 0.009011336073250 
965 19.650000 -11.823629 0.008943866180111 
966 19.660000 -11.789598 0.008876988257178 
967 19.670000 -11.755636 0.008810696400197 
968 19.680000 -11.721742 0.008744984770281 
969 19.690000 -11.687916 0.008679847592674 
970 19.700000 -11.654158 0.008615279157809 
971 19.710000 -11.620467 0.008551273818291 
972 19.720000 -11.586844 0.008487825989434 
973 19.730000 -11.553288 0.008424930148365 
974 19.740000 -11.519799 0.008362580832788 
975 19.750000 -11.486377 0.008300772641157 
976 19.760000 -11.453022 0.008239500230367 
977 19.770000 -11.419733 0.008178758317179 
978 19.780000 -11.386510 0.008118541675906 
979 19.790000 -11.353353 0.008058845137526 
980 19.800000 -11.320262 0.007999663590930 
981 19.810000 -11.287237 0.007940991979716 
982 19.820000 -11.254277 0.007882825303795 
983 19.830000 -11.221382 0.007825158616903 
984 19.840000 -11.188553 0.007767987027130 
985 19.850000 -11.155788 0.007711305695857 
986 19.860000 -11.123088 0.007655109836868 
987 19.870000 -11.090453 0.007599394716529 
988 19.880000 -11.057882 0.007544155652006 
989 19.890000 -11.025375 0.007489388011805 
990 19.900000 -10.992932 0.007435087214347 
991 19.910000 -10.960552 0.007381248727611 
992 19.920000 -10.928237 0.007327868068785 
993 19.930000 -10.895984 0.007274940803548 
994 19.940000 -10.863795 0.007222462545364 
995 19.950000 -10.831669 0.007170428954595 
996 19.960000 -10.799606 0.007118835739028 
997 19.970000 -10.767605 0.007067678652461 
998 19.980000 -10.735667 0.007016953493633 
999 19.990000 -10.703791 0.006966656107465 
1000 20.000000 -10.671977 0.006916782382760 
1001 20.010000 -10.640225 0.006867328252369 
1002 20.020000 -10.608535 0.006818289693022 
1003 20.030000 -10.576907 0.006769662723904 
1004 20.040000 -10.545340 0.006721443407542 
1005 20.050000 -10.513834 0.006673627847853 
1006 20.060000 -10.482389 0.006626212190319 
1007 20.070000 -10.451005 0.006579192621636 
1008 20.080000 -10.419682 0.006532565368644 
1009 20.090000 -10.388419 0.006486326699218 
1010 20.100000 -10.357217 0.006440472920133 
1011 20.110000 -10.326074 0.006395000377069 
1012 20.120000 -10.294992 0.006349905454783 
1013 20.130000 -10.263970 0.006305184576405 
1014 20.140000 -10.233007 0.006260834202898 
1015 20.150000 -10.202104 0.006216850831997 
1016 20.160000 -10.171260 0.006173230998918 
1017 20.170000 -10.140475 0.006129971275115 
1018 20.180000 -10.109749 0.006087068268457 
1019 20.190000 -10.079082 0.006044518621984 
1020 20.200000 -10.048474 0.006002319014620 
1021 20.210000 -10.017924 0.005960466159394 
1022 20.220000 -9.987432 0.005918956804507 
1023 20.230000 -9.956999 0.005877787731379 
1024 20.240000 -9.926623 0.005836955755889 
1025 20.250000 -9.896306 0.005796457726781 
1026 20.260000 -9.866046 0.005756290525660 
1027 20.270000 -9.835843 0.005716451066817 
1028 20.280000 -9.805698 0.005676936296695 
1029 20.290000 -9.775610 0.005637743192999 
1030 20.300000 -9.745579 0.005598868765766 
1031 20.310000 -9.715605 0.005560310054875 
1032 20.320000 -9.685687 0.005522064132357 
1033 20.330000 -9.655826 0.005484128099198 
1034 20.340000 -9.626021 0.005446499087292 
1035 20.350000 -9.596273 0.005409174257842 
1036 20.360000 -9.566581 0.005372150801364 
1037 20.370000 -9.536944 0.005335425937147 
1038 20.380000 -9.507363 0.005298996913794 
1039 20.390000 -9.477838 0.005262861007616 
1040 20.400000 -9.448368 0.005227015523346 
1041 20.410000 -9.418954 0.005191457792897 
1042 20.420000 -9.389594 0.005156185176247 
1043 20.430000 -9.360290 0.005121195059665 
1044 20.440000 -9.331040 0.005086484857131 
1045 20.450000 -9.301845 0.005052052008025 
1046 20.460000 -9.272704 0.005017893978732 
1047 20.470000 -9.243618 0.004984008261388 
1048 20.480000 -9.214586 0.004950392373360 
1049 20.490000 -9.185608 0.004917043857233 
1050 20.500000 -9.156684 0.004883960281177 
1051 20.510000 -9.127814 0.004851139237871 
1052 20.520000 -9.098997 0.004818578343979 
1053 20.530000 -9.070234 0.004786275241209 
1054 20.540000 -9.041524 0.004754227594361 
1055 20.550000 -9.012867 0.004722433092219 
1056 20.560000 -8.984263 0.004690889447012 
1057 20.570000 -8.955712 0.004659594394063 
1058 20.580000 -8.927213 0.004628545691610 
1059 20.590000 -8.898768 0.004597741120449 
1060 20.600000 -8.870374 0.004567178483406 
1061 20.610000 -8.842033 0.004536855606219 
1062 20.620000 -8.813744 0.004506770335411 
1063 20.630000 -8.785507 0.004476920540064 
1064 20.640000 -8.757322 0.004447304110400 
1065 20.650000 -8.729188 0.004417918957600 
1066 20.660000 -8.701107 0.004388763013630 
1067 20.670000 -8.673076 0.004359834231416 
1068 20.680000 -8.645097 0.004331130584667 
1069 20.690000 -8.617169 0.004302650066457 
1070 20.700000 -8.589292 0.004274390690817 
1071 20.710000 -8.561465 0.004246350490966 
1072 20.720000 -8.533690 0.004218527519662 
1073 20.730000 -8.505965 0.004190919849378 
1074 20.740000 -8.478290 0.004163525571421 
1075 20.750000 -8.450666 0.004136342796279 
1076 20.760000 -8.423092 0.004109369653271 
1077 20.770000 -8.395568 0.004082604289835 
1078 20.780000 -8.368094 0.004056044872058 
1079 20.790000 -8.340669 0.004029689583795 
1080 20.800000 -8.313294 0.004003536627373 
1081 20.810000 -8.285969 0.003977584222348 
1082 20.820000 -8.258693 0.003951830606219 
1083 20.830000 -8.231466 0.003926274033539 
1084 20.840000 -8.204288 0.003900912776089 
1085 20.850000 -8.177160 0.003875745122706 
1086 20.860000 -8.150080 0.003850769379099 
1087 20.870000 -8.123049 0.003825983867323 
1088 20.880000 -8.096066 0.003801386925950 
1089 20.890000 -8.069132 0.003776976909897 
1090 20.900000 -8.042246 0.003752752190422 
1091 20.910000 -8.015408 0.003728711153883 
1092 20.920000 -7.988618 0.003704852203334 
1093 20.930000 -7.961876 0.003681173756931 
1094 20.940000 -7.935182 0.003657674248103 
1095 20.950000 -7.908536 0.003634352125381 
1096 20.960000 -7.881937 0.003611205853105 
1097 20.970000 -7.855385 0.003588233909824 
1098 20.980000 -7.828881 0.003565434789365 
1099 20.990000 -7.802424 0.003542806999413 
1100 21.000000 -7.776013 0.003520349062747 
1101 21.010000 -7.749650 0.003498059516183 
1102 21.020000 -7.723334 0.003475936910746 
1103 21.030000 -7.697064 0.003453979811319 
1104 21.040000 -7.670840 0.003432186796992 
1105 21.050000 -7.644663 0.003410556459826 
1106 21.060000 -7.618533 0.003389087406092 
1107 21.070000 -7.592448 0.003367778255026 
1108 21.080000 -7.566410 0.003346627639544 
1109 21.090000 -7.540417 0.003325634204820 
1110 21.100000 -7.514470 0.003304796610415 
1111 21.110000 -7.488569 0.003284113527435 
1112 21.120000 -7.462713 0.003263583640489 
1113 21.130000 -7.436903 0.003243205646086 
1114 21.140000 -7.411138 0.003222978253525 
1115 21.150000 -7.385418 0.003202900184540 
1116 21.160000 -7.359743 0.003182970172944 
1117 21.170000 -7.334114 0.003163186964450 
1118 21.180000 -7.308529 0.003143549317031 
1119 21.190000 -7.282988 0.003124055999848 
1120 21.200000 -7.257493 0.003104705794499 
1121 21.210000 -7.232041 0.003085497493238 
1122 21.220000 -7.206634 0.003066429900933 
1123 21.230000 -7.181272 0.003047501832576 
1124 21.240000 -7.155953 0.003028712115061 
1125 21.250000 -7.130679 0.003010059586117 
1126 21.260000 -7.105448 0.002991543094311 
1127 21.270000 -7.080261 0.002973161499575 
1128 21.280000 -7.055118 0.002954913671971 
1129 21.290000 -7.030018 0.002936798492570 
1130 21.300000 -7.004962 0.002918814852571 
1131 21.310000 -6.979949 0.002900961653829 
1132 21.320000 -6.954979 0.002883237808859 
1133 21.330000 -6.930053 0.002865642239769 
1134 21.340000 -6.905169 0.002848173879144 
1135 21.350000 -6.880328 0.002830831668810 
1136 21.360000 -6.855530 0.002813614561603 
1137 21.370000 -6.830775 0.002796521519421 
1138 21.380000 -6.806062 0.002779551514109 
1139 21.390000 -6.781391 0.002762703526571 
1140 21.400000 -6.756763 0.002745976547658 
1141 21.410000 -6.732177 0.002729369577992 
1142 21.420000 -6.707633 0.002712881626543 
1143 21.430000 -6.683132 0.002696511712053 
1144 21.440000 -6.658672 0.002680258862320 
1145 21.450000 -6.634254 0.002664122114027 
1146 21.460000 -6.609877 0.002648100512559 
1147 21.470000 -6.585542 0.002632193112539 
1148 21.480000 -6.561249 0.002616398977118 
1149 21.490000 -6.536996 0.002600717178147 
1150 21.500000 -6.512785 0.002585146796008 
1151 21.510000 -6.488616 0.002569686919252 
1152 21.520000 -6.464487 0.002554336645488 
1153 21.530000 -6.440399 0.002539095079790 
1154 21.540000 -6.416352 0.002523961335754 
1155 21.550000 -6.392346 0.002508934535861 
1156 21.560000 -6.368380 0.002494013809340 
1157 21.570000 -6.344455 0.002479198294303 
1158 21.580000 -6.320570 0.002464487136500 
1159 21.590000 -6.296726 0.002449879489141 
1160 21.600000 -6.272921 0.002435374513787 
1161 21.610000 -6.249157 0.002420971378925 
1162 21.620000 -6.225433 0.002406669261390 
1163 21.630000 -6.201749 0.002392467344947 
1164 21.640000 -6.178104 0.002378364820821 
1165 21.650000 -6.154499 0.002364360887697 
1166 21.660000 -6.130934 0.002350454751898 
1167 21.670000 -6.107408 0.002336645626144 
1168 21.680000 -6.083922 0.002322932730792 
1169 21.690000 -6.060475 0.002309315293481 
1170 21.700000 -6.037067 0.002295792547891 
1171 21.710000 -6.013698 0.002282363736050 
1172 21.720000 -5.990368 0.002269028105317 
1173 21.730000 -5.967078 0.002255784910687 
1174 21.740000 -5.943826 0.002242633414085 
1175 21.750000 -5.920612 0.002229572883294 
1176 21.760000 -5.897437 0.002216602593208 
1177 21.770000 -5.874301 0.002203721825111 
1178 21.780000 -5.851203 0.002190929866686 
1179 21.790000 -5.828144 0.002178226012006 
1180 21.800000 -5.805122 0.002165609561366 
1181 21.810000 -5.782139 0.002153079821454 
1182 21.820000 -5.759194 0.002140636105530 
1183 21.830000 -5.736287 0.002128277732005 
1184 21.840000 -5.713417 0.002116004026220 
1185 21.850000 -5.690586 0.002103814319376 
1186 21.860000 -5.667792 0.002091707948360 
1187 21.870000 -5.645035 0.002079684255918 
1188 21.880000 -5.622316 0.002067742591016 
1189 21.890000 -5.599635 0.002055882307950 
1190 21.900000 -5.576990 0.002044102767229 
1191 21.910000 -5.554383 0.002032403334518 
1192 21.920000 -5.531813 0.002020783381695 
1193 21.930000 -5.509280 0.002009242285439 
1194 21.940000 -5.486784 0.001997779428642 
1195 21.950000 -5.464325 0.001986394199172 
1196 21.960000 -5.441902 0.001975085990402 
1197 21.970000 -5.419516 0.001963854201392 
1198 21.980000 -5.397167 0.001952698235819 
1199 21.990000 -5.374854 0.001941617503043 
1200 22.000000 -5.352577 0.001930611417755 
1201 22.010000 -5.330337 0.001919679399442 
1202 22.020000 -5.308133 0.001908820872565 
1203 22.030000 -5.285965 0.001898035267445 
1204 22.040000 -5.263833 0.001887322018135 
1205 22.050000 -5.241737 0.001876680564727 
1206 22.060000 -5.219677 0.001866110351756 
1207 22.070000 -5.197652 0.001855610828372 
1208 22.080000 -5.175663 0.001845181448878 
1209 22.090000 -5.153710 0.001834821672375 
1210 22.100000 -5.131792 0.001824530962402 
1211 22.110000 -5.109910 0.001814308787118 
1212 22.120000 -5.088063 0.001804154619833 
1213 22.130000 -5.066251 0.001794067937766 
1214 22.140000 -5.044475 0.001784048223108 
1215 22.150000 -5.022733 0.001774094962137 
1216 22.160000 -5.001026 0.001764207645927 
1217 22.170000 -4.979355 0.001754385769992 
1218 22.180000 -4.957718 0.001744628833755 
1219 22.190000 -4.936115 0.001734936341435 
1220 22.200000 -4.914548 0.001725307801514 
1221 22.210000 -4.893015 0.001715742726027 
1222 22.220000 -4.871516 0.001706240632160 
1223 22.230000 -4.850052 0.001696801040474 
1224 22.240000 -4.828622 0.001687423475971 
1225 22.250000 -4.807227 0.001678107467917 
1226 22.260000 -4.785865 0.001668852549486 
1227 22.270000 -4.764538 0.001659658257580 
1228 22.280000 -4.743244 0.001650524133190 
1229 22.290000 -4.721984 0.001641449721390 
1230 22.300000 -4.700759 0.001632434570986 
1231 22.310000 -4.679567 0.001623478234869 
1232 22.320000 -4.658408 0.001614580269305 
1233 22.330000 -4.637283 0.001605740234645 
1234 22.340000 -4.616192 0.001596957695149 
1235 22.350000 -4.595134 0.001588232218275 
1236 22.360000 -4.574109 0.001579563375742 
1237 22.370000 -4.553118 0.001570950742114 
1238 22.380000 -4.532160 0.001562393896393 
1239 22.390000 -4.511234 0.001553892420780 
1240 22.400000 -4.490342 0.001545445900852 
1241 22.410000 -4.469483 0.001537053926093 
1242 22.420000 -4.448657 0.001528716088828 
1243 22.430000 -4.427863 0.001520431985647 
1244 22.440000 -4.407102 0.001512201215803 
1245 22.450000 -4.386374 0.001504023382104 
1246 22.460000 -4.365678 0.001495898091264 
1247 22.470000 -4.345015 0.001487824952484 
1248 22.480000 -4.324384 0.001479803578697 
1249 22.490000 -4.303786 0.001471833586031 
1250 22.500000 -4.283219 0.001463914593636 
1251 22.510000 -4.262685 0.001456046224391 
1252 22.520000 -4.242183 0.001448228103662 
1253 22.530000 -4.221713 0.001440459860014 
1254 22.540000 -4.201275 0.001432741125740 
1255 22.550000 -4.180869 0.001425071535799 
1256 22.560000 -4.160494 0.001417450727992 
1257 22.570000 -4.140151 0.001409878343317 
1258 22.580000 -4.119840 0.001402354025437 
1259 22.590000 -4.099561 0.001394877422101 
1260 22.600000 -4.079313 0.001387448182655 
1261 22.610000 -4.059096 0.001380065959999 
1262 22.620000 -4.038911 0.001372730409521 
1263 22.630000 -4.018757 0.001365441190337 
1264 22.640000 -3.998634 0.001358197963341 
1265 22.650000 -3.978542 0.001351000392802 
1266 22.660000 -3.958481 0.001343848145474 
1267 22.670000 -3.938451 0.001336740891489 
1268 22.680000 -3.918453 0.001329678302753 
1269 22.690000 -3.898485 0.001322660054193 
1270 22.700000 -3.878547 0.001315685824110 
1271 22.710000 -3.858641 0.001308755292584 
1272 22.720000 -3.838765 0.001301868142889 
1273 22.730000 -3.818919 0.001295024060255 
1274 22.740000 -3.799104 0.001288222733287 
1275 22.750000 -3.779320 0.001281463852543 
1276 22.760000 -3.759566 0.001274747111069 
1277 22.770000 -3.739842 0.001268072205285 
1278 22.780000 -3.720148 0.001261438832856 
1279 22.790000 -3.700484 0.001254846694820 
1280 22.800000 -3.680851 0.001248295494527 
1281 22.810000 -3.661247 0.001241784937100 
1282 22.820000 -3.641674 0.001235314730863 
1283 22.830000 -3.622130 0.001228884586091 
1284 22.840000 -3.602616 0.001222494215547 
1285 22.850000 -3.583131 0.001216143334304 
1286 22.860000 -3.563677 0.001209831659565 
1287 22.870000 -3.544252 0.001203558911200 
1288 22.880000 -3.524856 0.001197324811031 
1289 22.890000 -3.505490 0.001191129083189 
1290 22.900000 -3.486153 0.001184971454116 
1291 22.910000 -3.466845 0.001178851652384 
1292 22.920000 -3.447567 0.001172769408875 
1293 22.930000 -3.428318 0.001166724456425 
1294 22.940000 -3.409098 0.001160716530357 
1295 22.950000 -3.389907 0.001154745367593 
1296 22.960000 -3.370745 0.001148810707718 
1297 22.970000 -3.351612 0.001142912292096 
1298 22.980000 -3.332508 0.001137049864397 
1299 22.990000 -3.313433 0.001131223169892 
1300 23.000000 -3.294386 0.001125431956517 
1301 23.010000 -3.275368 0.001119675973804 
1302 23.020000 -3.256378 0.001113954973242 
1303 23.030000 -3.237417 0.001108268708450 
1304 23.040000 -3.218485 0.001102616935356 
1305 23.050000 -3.199580 0.001096999410954 
1306 23.060000 -3.180705 0.001091415895083 
1307 23.070000 -3.161857 0.001085866149175 
1308 23.080000 -3.143038 0.001080349936444 
1309 23.090000 -3.124246 0.001074867021522 
1310 23.100000 -3.105483 0.001069417172239 
1311 23.110000 -3.086748 0.001064000156781 
1312 23.120000 -3.068041 0.001058615746352 
1313 23.130000 -3.049361 0.001053263713047 
1314 23.140000 -3.030710 0.001047943831267 
1315 23.150000 -3.012086 0.001042655877370 
1316 23.160000 -2.993490 0.001037399629134 
1317 23.170000 -2.974921 0.001032174865756 
1318 23.180000 -2.956380 0.001026981369101 
1319 23.190000 -2.937867 0.001021818921743 
1320 23.200000 -2.919381 0.001016687308919 
1321 23.210000 -2.900922 0.001011586316935 
1322 23.220000 -2.882491 0.001006515733692 
1323 23.230000 -2.864087 0.001001475349227 
1324 23.240000 -2.845710 0.000996464954994 
1325 23.250000 -2.827361 0.000991484343871 
1326 23.260000 -2.809038 0.000986533310687 
1327 23.270000 -2.790743 0.000981611651873 
1328 23.280000 -2.772474 0.000976719165102 
1329 23.290000 -2.754232 0.000971855650178 
1330 23.300000 -2.736017 0.000967020907616 
1331 23.310000 -2.717829 0.000962214740241 
1332 23.320000 -2.699668 0.000957436952298 
1333 23.330000 -2.681533 0.000952687349276 
1334 23.340000 -2.663425 0.000947965738263 
1335 23.350000 -2.645343 0.000943271928300 
1336 23.360000 -2.627288 0.000938605728962 
1337 23.370000 -2.609260 0.000933966952310 
1338 23.380000 -2.591257 0.000929355411117 
1339 23.390000 -2.573282 0.000924770919752 
1340 23.400000 -2.555332 0.000920213294719 
1341 23.410000 -2.537408 0.000915682352876 
1342 23.420000 -2.519511 0.000911177913032 
1343 23.430000 -2.501640 0.000906699795600 
1344 23.440000 -2.483794 0.000902247821877 
1345 23.450000 -2.465975 0.000897821815116 
1346 23.460000 -2.448182 0.000893421599102 
1347 23.470000 -2.430414 0.000889046999752 
1348 23.480000 -2.412672 0.000884697844228 
1349 23.490000 -2.394956 0.000880373960399 
1350 23.500000 -2.377266 0.000876075178091 
1351 23.510000 -2.359601 0.000871801328195 
1352 23.520000 -2.341962 0.000867552243022 
1353 23.530000 -2.324348 0.000863327755773 
1354 23.540000 -2.306760 0.000859127701602 
1355 23.550000 -2.289197 0.000854951916374 
1356 23.560000 -2.271660 0.000850800237018 
1357 23.570000 -2.254148 0.000846672502419 
1358 23.580000 -2.236661 0.000842568552173 
1359 23.590000 -2.219199 0.000838488227295 
1360 23.600000 -2.201763 0.000834431370045 
1361 23.610000 -2.184351 0.000830397823393 
1362 23.620000 -2.166965 0.000826387432440 
1363 23.630000 -2.149603 0.000822400042289 
1364 23.640000 -2.132267 0.000818435500172 
1365 23.650000 -2.114955 0.000814493654211 
1366 23.660000 -2.097668 0.000810574353416 
1367 23.670000 -2.080406 0.000806677448040 
1368 23.680000 -2.063169 0.000802802789757 
1369 23.690000 -2.045956 0.000798950231129 
1370 23.700000 -2.028768 0.000795119625785 
1371 23.710000 -2.011604 0.000791310828241 
1372 23.720000 -1.994465 0.000787523694967 
1373 23.730000 -1.977350 0.000783758082257 
1374 23.740000 -1.960259 0.000780013848534 
1375 23.750000 -1.943193 0.000776290852933 
1376 23.760000 -1.926152 0.000772588955478 
1377 23.770000 -1.909134 0.000768908017257 
1378 23.780000 -1.892141 0.000765247900780 
1379 23.790000 -1.875172 0.000761608468913 
1380 23.800000 -1.858226 0.000757989586297 
1381 23.810000 -1.841305 0.000754391118107 
1382 23.820000 -1.824408 0.000750812930583 
1383 23.830000 -1.807535 0.000747254891031 
1384 23.840000 -1.790685 0.000743716867646 
1385 23.850000 -1.773860 0.000740198729865 
1386 23.860000 -1.757058 0.000736700348014 
1387 23.870000 -1.740280 0.000733221592952 
1388 23.880000 -1.723525 0.000729762337137 
1389 23.890000 -1.706795 0.000726322453204 
1390 23.900000 -1.690087 0.000722901815564 
1391 23.910000 -1.673404 0.000719500299162 
1392 23.920000 -1.656743 0.000716117779831 
1393 23.930000 -1.640106 0.000712754134291 
1394 23.940000 -1.623493 0.000709409240152 
1395 23.950000 -1.606903 0.000706082976265 
1396 23.960000 -1.590336 0.000702775222194 
1397 23.970000 -1.573792 0.000699485858036 
1398 23.980000 -1.557272 0.000696214765128 
1399 23.990000 -1.540774 0.000692961825699 
1400 24.000000 -1.524300 0.000689726922509 
1401 24.010000 -1.507849 0.000686509939918 
1402 24.020000 -1.491420 0.000683310762106 
1403 24.030000 -1.475015 0.000680129274855 
1404 24.040000 -1.458632 0.000676965364654 
1405 24.050000 -1.442273 0.000673818918528 
1406 24.060000 -1.425936 0.000670689824744 
1407 24.070000 -1.409622 0.000667577971747 
1408 24.080000 -1.393330 0.000664483249402 
1409 24.090000 -1.377061 0.000661405548463 
1410 24.100000 -1.360815 0.000658344759863 
1411 24.110000 -1.344591 0.000655300775776 
1412 24.120000 -1.328390 0.000652273488910 
1413 24.130000 -1.312212 0.000649262793040 
1414 24.140000 -1.296055 0.000646268582649 
1415 24.150000 -1.279921 0.000643290752578 
1416 24.160000 -1.263810 0.000640329198909 
1417 24.170000 -1.247720 0.000637383818436 
1418 24.180000 -1.231653 0.000634454508130 
1419 24.190000 -1.215608 0.000631541166562 
1420 24.200000 -1.199585 0.000628643692480 
1421 24.210000 -1.183584 0.000625761985518 
1422 24.220000 -1.167606 0.000622895946023 
1423 24.230000 -1.151649 0.000620045474875 
1424 24.240000 -1.135714 0.000617210473841 
1425 24.250000 -1.119801 0.000614390845755 
1426 24.260000 -1.103910 0.000611586493449 
1427 24.270000 -1.088041 0.000608797320822 
1428 24.280000 -1.072193 0.000606023232486 
1429 24.290000 -1.056368 0.000603264133581 
1430 24.300000 -1.040564 0.000600519930316 
1431 24.310000 -1.024781 0.000597790528900 
1432 24.320000 -1.009020 0.000595075836429 
1433 24.330000 -0.993281 0.000592375761421 
1434 24.340000 -0.977563 0.000589690212038 
1435 24.350000 -0.961867 0.000587019097509 
1436 24.360000 -0.946192 0.000584362327771 
1437 24.370000 -0.930538 0.000581719813475 
1438 24.380000 -0.914906 0.000579091465447 
1439 24.390000 -0.899295 0.000576477195580 
1440 24.400000 -0.883705 0.000573876916299 
1441 24.410000 -0.868137 0.000571290540563 
1442 24.420000 -0.852589 0.000568717982041 
1443 24.430000 -0.837063 0.000566159154936 
1444 24.440000 -0.821558 0.000563613974158 
1445 24.450000 -0.806074 0.000561082355155 
1446 24.460000 -0.790610 0.000558564214082 
1447 24.470000 -0.775168 0.000556059467094 
1448 24.480000 -0.759747 0.000553568031947 
1449 24.490000 -0.744346 0.000551089826217 
1450 24.500000 -0.728966 0.000548624768193 
1451 24.510000 -0.713607 0.000546172777049 
1452 24.520000 -0.698269 0.000543733772140 
1453 24.530000 -0.682952 0.000541307673707 
1454 24.540000 -0.667655 0.000538894402347 
1455 24.550000 -0.652378 0.000536493879011 
1456 24.560000 -0.637122 0.000534106025718 
1457 24.570000 -0.621887 0.000531730764841 
1458 24.580000 -0.606672 0.000529368018931 
1459 24.590000 -0.591478 0.000527017711605 
1460 24.600000 -0.576304 0.000524679766833 
1461 24.610000 -0.561151 0.000522354108767 
1462 24.620000 -0.546017 0.000520040662622 
1463 24.630000 -0.530904 0.000517739353612 
1464 24.640000 -0.515811 0.000515450108196 
1465 24.650000 -0.500739 0.000513172852656 
1466 24.660000 -0.485686 0.000510907513807 
1467 24.670000 -0.470654 0.000508654019526 
1468 24.680000 -0.455642 0.000506412297874 
1469 24.690000 -0.440649 0.000504182277083 
1470 24.700000 -0.425677 0.000501963886457 
1471 24.710000 -0.410725 0.000499757055472 
1472 24.720000 -0.395792 0.000497561713964 
1473 24.730000 -0.380880 0.000495377792475 
1474 24.740000 -0.365987 0.000493205222263 
1475 24.750000 -0.351114 0.000491043934403 
1476 24.760000 -0.336261 0.000488893860862 
1477 24.770000 -0.321428 0.000486754934315 
1478 24.780000 -0.306614 0.000484627087260 
1479 24.790000 -0.291820 0.000482510253441 
1480 24.800000 -0.277045 0.000480404366243 
1481 24.810000 -0.262290 0.000478309359941 
1482 24.820000 -0.247555 0.000476225169521 
1483 24.830000 -0.232839 0.000474151729613 
1484 24.840000 -0.218142 0.000472088976089 
1485 24.850000 -0.203465 0.000470036845002 
1486 24.860000 -0.188807 0.000467995272579 
1487 24.870000 -0.174168 0.000465964195939 
1488 24.880000 -0.159549 0.000463943552020 
1489 24.890000 -0.144949 0.000461933279006 
1490 24.900000 -0.130369 0.000459933314723 
1491 24.910000 -0.115807 0.000457943597887 
1492 24.920000 -0.101265 0.000455964067392 
1493 24.930000 -0.086741 0.000453994662664 
1494 24.940000 -0.072237 0.000452035323661 
1495 24.950000 -0.057752 0.000450085990522 
1496 24.960000 -0.043285 0.000448146603915 
1497 24.970000 -0.028838 0.000446217104511 
1498 24.980000 -0.014409 0.000444297434399 
1499 24.990000 0.000000 0.000442387534960 
