GOLD-NP

N 1499 R 15.01 29.99

1 15.010000 137772933643151998976.000000 31226880189227008000.000000000000000 
2 15.020000 1074662389906072704.000000 243537843513510400.000000000000000 
3 15.030000 62798845767354088.000000 14229049840711200.000000000000000 
4 15.040000 8369494751324884.000000 1896065917111700.000000000000000 
5 15.050000 1752460337342869.000000 396946939194550.000000000000000 
6 15.060000 488313615442937.000000 110589344065156.250000000000000 
7 15.070000 165726125063157.343750 37526298780401.562500000000000 
8 15.080000 64978147865127.523438 14711010693491.406250000000000 
9 15.090000 28445918609670.234375 6439107757051.562500000000000 
10 15.100000 13584327163670.597656 3074500225795.117187500000000 
11 15.110000 6960016208719.795898 1574988673821.484375000000000 
12 15.120000 3779301593250.014160 855085697966.992187500000000 
13 15.130000 2154757215721.937744 487447070605.249023437500000 
14 15.140000 1280641019173.812500 289659435374.401855468750000 
15 15.150000 788872839609.928955 178401518924.426269531250000 
16 15.160000 501335442808.014893 113357783953.390502929687500 
17 15.170000 327452732734.894958 74029203126.333618164062500 
18 15.180000 219132415139.668091 49532781994.342041015625000 
19 15.190000 149851935720.942596 33867272037.025451660156250 
20 15.200000 104484365099.238571 23610275475.396728515625000 
21 15.210000 74139600040.207336 16750662823.581695556640625 
22 15.220000 53450389069.466225 12074377932.516479492187500 
23 15.230000 39096639450.897079 8830505913.552856445312500 
24 15.240000 28978809780.312031 6544238048.332977294921875 
25 15.250000 21742247733.178822 4909253955.714035034179688 
26 15.260000 16496683358.922926 3724262972.362995147705078 
27 15.270000 12647060847.910463 2854736831.769561767578125 
28 15.280000 9789396729.013079 2209353950.661563873291016 
29 15.290000 7645443145.257217 1725222284.751415252685547 
30 15.300000 6020972903.643917 1358445523.322010040283203 
31 15.310000 4778710415.504991 1078001975.762319564819336 
32 15.320000 3820499466.438140 861712529.633855819702148 
33 15.330000 3075389587.326886 693547097.104668617248535 
34 15.340000 2491571369.469515 561801428.210830688476562 
35 15.350000 2030849672.881965 457847775.316917896270752 
36 15.360000 1664812096.012751 375268847.941493988037109 
37 15.370000 1372143720.268100 309250914.040923118591309 
38 15.380000 1136725856.674364 256154132.059514522552490 
39 15.390000 946276839.460825 213205407.813519239425659 
40 15.400000 791371424.636038 178276824.814265966415405 
41 15.410000 664727197.409692 149724419.930702447891235 
42 15.420000 560681014.757578 126269904.533630609512329 
43 15.430000 474801877.195507 106913214.425501227378845 
44 15.440000 403602555.199518 90867373.497757315635681 
45 15.450000 344323261.627244 77509634.975424408912659 
46 15.460000 294768278.574797 66344585.881438851356506 
47 15.470000 253181784.067588 56976106.644186377525330 
48 15.480000 218152894.373862 49085929.918211698532104 
49 15.490000 188542622.460270 42417149.423076212406158 
50 15.500000 163427379.234232 36761464.869952201843262 
51 15.510000 142055036.076440 31949263.555300235748291 
52 15.520000 123810579.908781 27841868.028614670038223 
53 15.530000 108189133.814792 24325446.832004189491272 
54 15.540000 94774662.984318 21306208.830950409173965 
55 15.550000 83223091.220168 18706593.251392990350723 
56 15.560000 73248855.694183 16462235.857755690813065 
57 15.570000 64614154.516942 14519542.951548844575882 
58 15.580000 57120312.794526 12833743.516316637396812 
59 15.590000 50600822.568477 11367319.131434336304665 
60 15.600000 44915710.875682 10088733.597972616553307 
61 15.610000 39946965.840259 8971401.308187842369080 
62 15.620000 35594808.919527 7992846.533707529306412 
63 15.630000 31774646.403935 7134015.962554700672626 
64 15.640000 28414568.175640 6378714.695470221340656 
65 15.650000 25453288.932473 5713142.052805610001087 
66 15.660000 22838448.369354 5125508.348100259900093 
67 15.670000 20525203.530642 4605717.558793537318707 
68 15.680000 18475059.732938 4145103.800674155354500 
69 15.690000 16654896.894659 3736211.868109274655581 
70 15.700000 15036156.398872 3372613.973002787679434 
71 15.710000 13594160.224000 3048756.306577380746603 
72 15.720000 12307539.362008 2759830.240613594651222 
73 15.730000 11157752.784341 2501663.941593933850527 
74 15.740000 10128681.629447 2270630.941330362111330 
75 15.750000 9206286.041850 2063572.829448524862528 
76 15.760000 8378314.324896 1877733.736612973734736 
77 15.770000 7634055.882197 1710704.686337849125266 
78 15.780000 6964130.899508 1560376.226280583068728 
79 15.790000 6360310.924865 1424898.021943774074316 
80 15.800000 5815365.492549 1302644.318470638245344 
81 15.810000 5322930.747506 1192184.359111357480288 
82 15.820000 4877396.694482 1092256.999488966539502 
83 15.830000 4473810.247091 1001748.881021840497851 
84 15.840000 4107791.707831 919675.629620230756700 
85 15.850000 3775462.687955 845165.630976157262921 
86 15.860000 3473383.790224 777446.004569507203996 
87 15.870000 3198500.639160 715830.457488214597106 
88 15.880000 2948097.061830 659708.748387102968991 
89 15.890000 2719754.404889 608537.533088959753513 
90 15.900000 2511316.126774 561832.397848530672491 
91 15.910000 2320856.932598 519160.915295034646988 
92 15.920000 2146655.827580 480136.582472268491983 
93 15.930000 1987172.556191 444413.520972349215299 
94 15.940000 1841026.971325 411681.836545595433563 
95 15.950000 1706980.943180 381663.550286332610995 
96 15.960000 1583922.472862 354109.025973337702453 
97 15.970000 1470851.722850 328793.828745314385742 
98 15.980000 1366868.716475 305515.959314128849655 
99 15.990000 1271162.492707 284093.415608303621411 
100 16.000000 1183001.531741 264362.040306150447577 
101 16.010000 1101725.291749 246173.618334450293332 
102 16.020000 1026736.718586 229394.193218933651224 
103 16.030000 957495.608536 213902.575300500029698 
104 16.040000 893512.719937 199589.018378936452791 
105 16.050000 834344.543105 186354.044396750396118 
106 16.060000 779588.649628 174107.398407504661009 
107 16.070000 728879.552220 162767.118343256879598 
108 16.080000 681885.015016 152258.706057927338406 
109 16.090000 638302.761747 142514.387822581920773 
110 16.100000 597857.535791 133472.453920211410150 
111 16.110000 560298.471736 125076.668265654006973 
112 16.120000 525396.743052 117275.740086514269933 
113 16.130000 492943.454767 110022.850666951853782 
114 16.140000 462747.753757 103275.228998038801365 
115 16.150000 434635.132544 96993.770912708714604 
116 16.160000 408445.905342 91142.696924391202629 
117 16.170000 384033.837579 85689.244549433351494 
118 16.180000 361264.912307 80603.391384126734920 
119 16.190000 340016.218835 75857.605637627420947 
120 16.200000 320174.950570 71426.621199431247078 
121 16.210000 301637.500574 67287.234652019105852 
122 16.220000 284308.644585 63418.121930642519146 
123 16.230000 268100.802439 59799.672589282272384 
124 16.240000 252933.369808 56413.839857935090549 
125 16.250000 238732.113076 53244.004876299004536 
126 16.260000 225428.620933 50274.853664814145304 
127 16.270000 212959.807003 47492.265550425508991 
128 16.280000 201267.458380 44883.211901986214798 
129 16.290000 190297.825544 42435.664152479148470 
130 16.300000 180001.249573 40138.510193752881605 
131 16.310000 170331.823010 37981.478325324133039 
132 16.320000 161247.081123 35955.068024415231775 
133 16.330000 152707.720640 34050.486880222160835 
134 16.340000 144677.343312 32259.593103003862780 
135 16.350000 137122.221979 30574.843078749836423 
136 16.360000 130011.086994 28989.243493905814830 
137 16.370000 123314.931116 27496.307602374145063 
138 16.380000 117006.831145 26090.015249924181262 
139 16.390000 111061.784773 24764.776309209264582 
140 16.400000 105456.561234 23515.397212865354959 
141 16.410000 100169.564521 22337.050302720308537 
142 16.420000 95180.708015 21225.245740545506123 
143 16.430000 90471.299522 20175.805750378640369 
144 16.440000 86023.935771 19184.840984537004260 
145 16.450000 81822.405549 18248.728825171565404 
146 16.460000 77851.600710 17364.093451057124184 
147 16.470000 74097.434364 16527.787515366799198 
148 16.480000 70546.765642 15736.875294482160825 
149 16.490000 67187.330436 14988.617180980509147 
150 16.500000 64007.677647 14280.455405564862303 
151 16.510000 60997.110425 13610.000883280736161 
152 16.520000 58145.632023 12975.021088903304189 
153 16.530000 55443.895841 12373.428874939781963 
154 16.540000 52883.159334 11803.272153509169584 
155 16.550000 50455.241453 11262.724370368960081 
156 16.560000 48152.483333 10750.075705728886533 
157 16.570000 45967.711951 10263.724942253975314 
158 16.580000 43894.206531 9802.171945892405347 
159 16.590000 41925.667454 9364.010709884678363 
160 16.600000 40056.187484 8947.922916605602950 
161 16.610000 38280.225121 8552.671975829798612 
162 16.620000 36592.579914 8177.097501490061404 
163 16.630000 34988.369572 7820.110192296488094 
164 16.640000 33463.008741 7480.687084431338008 
165 16.650000 32012.189315 7157.867147291653964 
166 16.660000 30631.862153 6850.747195597796235 
167 16.670000 29318.220108 6558.478093455050839 
168 16.680000 28067.682255 6280.261227946357394 
169 16.690000 26876.879233 6015.345231681385485 
170 16.700000 25742.639615 5763.022935403932934 
171 16.710000 24661.977227 5522.628533301212883 
172 16.720000 23632.079350 5293.534945045757922 
173 16.730000 22650.295730 5075.151359893243352 
174 16.740000 21714.128346 4866.920949329141877 
175 16.750000 20821.221871 4668.318735818684218 
176 16.760000 19969.354787 4478.849606213952939 
177 16.770000 19156.431090 4298.046459252327622 
178 16.780000 18380.472561 4125.468477422691649 
179 16.790000 17639.611541 3960.699514208135952 
180 16.800000 16932.084198 3803.346588436397724 
181 16.810000 16256.224229 3653.038478076814499 
182 16.820000 15610.456978 3509.424406426660425 
183 16.830000 14993.293940 3372.172814156692766 
184 16.840000 14403.327618 3240.970211182229832 
185 16.850000 13839.226717 3115.520102778828004 
186 16.860000 13299.731644 2995.541984777628386 
187 16.870000 12783.650292 2880.770403064980201 
188 16.880000 12289.854103 2770.954072956010350 
189 16.890000 11817.274367 2665.855054345320241 
190 16.900000 11364.898762 2565.247978833303932 
191 16.910000 10931.768111 2468.919325307524559 
192 16.920000 10516.973336 2376.666740709970327 
193 16.930000 10119.652606 2288.298402958571387 
194 16.940000 9738.988657 2203.632423210274283 
195 16.950000 9374.206277 2122.496284851331438 
196 16.960000 9024.569949 2044.726316787273390 
197 16.970000 8689.381633 1970.167198778381135 
198 16.980000 8367.978681 1898.671496720999130 
199 16.990000 8059.731881 1830.099225927278894 
200 17.000000 7764.043616 1764.317440585136865 
201 17.010000 7480.346136 1701.199847715679425 
202 17.020000 7208.099926 1640.626444048893973 
203 17.030000 6946.792176 1582.483174359185796 
204 17.040000 6695.935341 1526.661609894108551 
205 17.050000 6455.065780 1473.058645625269492 
206 17.060000 6223.742479 1421.576215136110477 
207 17.070000 6001.545845 1372.121022041892502 
208 17.080000 5788.076576 1324.604286909743678 
209 17.090000 5582.954584 1278.941508717161923 
210 17.100000 5385.817990 1235.052239949345676 
211 17.110000 5196.322172 1192.859874497844430 
212 17.120000 5014.138868 1152.291447574680205 
213 17.130000 4838.955326 1113.277446912070445 
214 17.140000 4670.473509 1075.751634560265302 
215 17.150000 4508.409335 1039.650878645124976 
216 17.160000 4352.491968 1004.914994486216528 
217 17.170000 4202.463142 971.486594514635726 
218 17.180000 4058.076526 939.310946466275709 
219 17.190000 3919.097121 908.335839360051978 
220 17.200000 3785.300693 878.511456800197266 
221 17.210000 3656.473234 849.790257173731334 
222 17.220000 3532.410451 822.126860336993559 
223 17.230000 3412.917292 795.477940415094054 
224 17.240000 3297.807482 769.802124358261608 
225 17.250000 3186.903095 745.059895922759097 
226 17.260000 3080.034149 721.213504764364188 
227 17.270000 2977.038216 698.226880351307955 
228 17.280000 2877.760053 676.065550421685657 
229 17.290000 2782.051264 654.696563727316061 
230 17.300000 2689.769960 634.088416821714418 
231 17.310000 2600.780456 614.210984663782256 
232 17.320000 2514.952972 595.035454824233057 
233 17.330000 2432.163351 576.534265091959242 
234 17.340000 2352.292796 558.681044293234663 
235 17.350000 2275.227618 541.450556143786343 
236 17.360000 2200.858992 524.818645967775410 
237 17.370000 2129.082735 508.762190125594316 
238 17.380000 2059.799088 493.259048002369127 
239 17.390000 1992.912511 478.288016417582185 
240 17.400000 1928.331488 463.828786324893372 
241 17.410000 1865.968343 449.861901677172682 
242 17.420000 1805.739065 436.368720341965854 
243 17.430000 1747.563138 423.331376955457017 
244 17.440000 1691.363385 410.732747613246829 
245 17.450000 1637.065817 398.556416298765726 
246 17.460000 1584.599488 386.786642958213633 
247 17.470000 1533.896358 375.408333134726035 
248 17.480000 1484.891167 364.407009079855015 
249 17.490000 1437.521305 353.768782265069603 
250 17.500000 1391.726701 343.480327220163417 
251 17.510000 1347.449705 333.528856629766324 
252 17.520000 1304.634988 323.902097622567453 
253 17.530000 1263.229433 314.588269192370262 
254 17.540000 1223.182043 305.576060691896600 
255 17.550000 1184.443849 296.854611345429475 
256 17.560000 1146.967819 288.413490727759836 
257 17.570000 1110.708777 280.242680160506552 
258 17.580000 1075.623323 272.332554979550423 
259 17.590000 1041.669755 264.673867629483084 
260 17.600000 1008.807999 257.257731543791124 
261 17.610000 976.999536 250.075605771178289 
262 17.620000 946.207342 243.119280311054808 
263 17.630000 916.395820 236.380862122962299 
264 17.640000 887.530740 229.852761776646730 
265 17.650000 859.579186 223.527680710822096 
266 17.660000 832.509495 217.398599071441367 
267 17.670000 806.291211 211.458764100484586 
268 17.680000 780.895030 205.701679048667074 
269 17.690000 756.292756 200.121092586738314 
270 17.700000 732.457253 194.710988691099374 
271 17.710000 709.362403 189.465576980796868 
272 17.720000 686.983062 184.379283484457801 
273 17.730000 665.295025 179.446741816275335 
274 17.740000 644.274983 174.662784741877886 
275 17.750000 623.900488 170.022436115124265 
276 17.760000 604.149922 165.520903168720679 
277 17.770000 585.002458 161.153569141504249 
278 17.780000 566.438032 156.915986226988480 
279 17.790000 548.437313 152.803868827709266 
280 17.800000 530.981669 148.813087101422070 
281 17.810000 514.053147 144.939660785360047 
282 17.820000 497.634438 141.179753285678089 
283 17.830000 481.708860 137.529666019935348 
284 17.840000 466.260325 133.985833000861021 
285 17.850000 451.273322 130.544815650324608 
286 17.860000 436.732892 127.203297832988937 
287 17.870000 422.624608 123.958081099732453 
288 17.880000 408.934551 120.806080131086446 
289 17.890000 395.649296 117.744318371836698 
290 17.900000 382.755886 114.769923848109556 
291 17.910000 370.241822 111.880125158552346 
292 17.920000 358.095038 109.072247632170161 
293 17.930000 346.303891 106.343709644966111 
294 17.940000 334.857138 103.692019088566667 
295 17.950000 323.743930 101.114769984030772 
296 17.960000 312.953787 98.609639234382485 
297 17.970000 302.476592 96.174383509742256 
298 17.980000 292.302573 93.806836259352622 
299 17.990000 282.422294 91.504904844683210 
300 18.000000 272.826637 89.266567788570228 
301 18.010000 263.506796 87.089872135317137 
302 18.020000 254.454261 84.972930916711675 
303 18.030000 245.660809 82.913920719678913 
304 18.040000 237.118496 80.911079350971704 
305 18.050000 228.819640 78.962703594856976 
306 18.060000 220.756820 77.067147059693752 
307 18.070000 212.922858 75.222818109764944 
308 18.080000 205.310817 73.428177878543011 
309 18.090000 197.913989 71.681738360118175 
310 18.100000 190.725888 69.982060575347305 
311 18.110000 183.740238 68.327752809651088 
312 18.120000 176.950974 66.717468919367207 
313 18.130000 170.352226 65.149906703908300 
314 18.140000 163.938315 63.623806340868327 
315 18.150000 157.703749 62.137948881465377 
316 18.160000 151.643212 60.691154803896552 
317 18.170000 145.751561 59.282282622112348 
318 18.180000 140.023818 57.910227547770887 
319 18.190000 134.455164 56.573920203189232 
320 18.200000 129.040936 55.272325383170084 
321 18.210000 123.776620 54.004440863739944 
322 18.220000 118.657843 52.769296255847564 
323 18.230000 113.680375 51.565951902234985 
324 18.240000 108.840117 50.393497815699106 
325 18.250000 104.133100 49.251052657083960 
326 18.260000 99.555480 48.137762751419189 
327 18.270000 95.103534 47.052801140644362 
328 18.280000 90.773655 45.995366671454008 
329 18.290000 86.562348 44.964683116909043 
330 18.300000 82.466229 43.959998330396388 
331 18.310000 78.482017 42.980583430724550 
332 18.320000 74.606532 42.025732017063433 
333 18.330000 70.836695 41.094759412584381 
334 18.340000 67.169519 40.187001935683497 
335 18.350000 63.602110 39.301816197654205 
336 18.360000 60.131662 38.438578425831338 
337 18.370000 56.755455 37.596683811172227 
338 18.380000 53.470851 36.775545879356741 
339 18.390000 50.275293 35.974595884461280 
340 18.400000 47.166302 35.193282224365419 
341 18.410000 44.141472 34.431069877022935 
342 18.420000 41.198471 33.687439856825563 
343 18.430000 38.335035 32.961888690267926 
344 18.440000 35.548971 32.253927910171853 
345 18.450000 32.838149 31.563083567780836 
346 18.460000 30.200503 30.888895762055313 
347 18.470000 27.634028 30.230918185451117 
348 18.480000 25.136780 29.588717685653876 
349 18.490000 22.706870 28.961873842592922 
350 18.500000 20.342468 28.349978560179068 
351 18.510000 18.041794 27.752635672248260 
352 18.520000 15.803123 27.169460562129188 
353 18.530000 13.624779 26.600079795356635 
354 18.540000 11.505136 26.044130765045992 
355 18.550000 9.442614 25.501261349432980 
356 18.560000 7.435679 24.971129581153662 
357 18.570000 5.482844 24.453403327832746 
358 18.580000 3.582661 23.947759983521166 
359 18.590000 1.733726 23.453886170668170 
360 18.600000 -0.065325 22.971477452143318 
361 18.610000 -1.815817 22.500238053027743 
362 18.620000 -3.519037 22.039880591760408 
363 18.630000 -5.176236 21.590125820331707 
364 18.640000 -6.788628 21.150702373189745 
365 18.650000 -8.357395 20.721346524531015 
366 18.660000 -9.883682 20.301801953699794 
367 18.670000 -11.368604 19.891819518382192 
368 18.680000 -12.813245 19.491157035316320 
369 18.690000 -14.218658 19.099579068281258 
370 18.700000 -15.585866 18.716856723056452 
371 18.710000 -16.915863 18.342767449146891 
372 18.720000 -18.209616 17.977094848003361 
373 18.730000 -19.468066 17.619628487540240 
374 18.740000 -20.692126 17.270163722692189 
375 18.750000 -21.882685 16.928501521828565 
376 18.760000 -23.040608 16.594448298795328 
377 18.770000 -24.166733 16.267815750416048 
378 18.780000 -25.261879 15.948420699228194 
379 18.790000 -26.326840 15.636084941300510 
380 18.800000 -27.362389 15.330635098940348 
381 18.810000 -28.369279 15.031902478129666 
382 18.820000 -29.348239 14.739722930509913 
383 18.830000 -30.299983 14.453936719787208 
384 18.840000 -31.225201 14.174388392383719 
385 18.850000 -32.124568 13.900926652191004 
386 18.860000 -32.998739 13.633404239294933 
387 18.870000 -33.848351 13.371677812535765 
388 18.880000 -34.674025 13.115607835762688 
389 18.890000 -35.476365 12.865058467669144 
390 18.900000 -36.255958 12.619897455075346 
391 18.910000 -37.013377 12.379996029561369 
392 18.920000 -37.749178 12.145228807309394 
393 18.930000 -38.463903 11.915473692080525 
394 18.940000 -39.158080 11.690611781192928 
395 18.950000 -39.832222 11.470527274408227 
396 18.960000 -40.486830 11.255107385653673 
397 18.970000 -41.122390 11.044242257437986 
398 18.980000 -41.739377 10.837824877921776 
399 18.990000 -42.338252 10.635751000515370 
400 19.000000 -42.919464 10.437919065947199 
401 19.010000 -43.483452 10.244230126704679 
402 19.020000 -44.030642 10.054587773778678 
403 19.030000 -44.561449 9.868898065637666 
404 19.040000 -45.076278 9.687069459342013 
405 19.050000 -45.575522 9.509012743752976 
406 19.060000 -46.059566 9.334640974750386 
407 19.070000 -46.528784 9.163869412402903 
408 19.080000 -46.983539 8.996615460016244 
409 19.090000 -47.424187 8.832798605018155 
410 19.100000 -47.851074 8.672340361601982 
411 19.110000 -48.264536 8.515164215079096 
412 19.120000 -48.664903 8.361195567892565 
413 19.130000 -49.052493 8.210361687221734 
414 19.140000 -49.427619 8.062591654150708 
415 19.150000 -49.790586 7.917816314326842 
416 19.160000 -50.141688 7.775968230075136 
417 19.170000 -50.481215 7.636981633924478 
418 19.180000 -50.809448 7.500792383491728 
419 19.190000 -51.126663 7.367337917690264 
420 19.200000 -51.433125 7.236557214207551 
421 19.210000 -51.729096 7.108390748232551 
422 19.220000 -52.014831 6.982780452372594 
423 19.230000 -52.290576 6.859669677742630 
424 19.240000 -52.556574 6.739003156162937 
425 19.250000 -52.813061 6.620726963465273 
426 19.260000 -53.060266 6.504788483849211 
427 19.270000 -53.298413 6.391136375252415 
428 19.280000 -53.527721 6.279720535730604 
429 19.290000 -53.748403 6.170492070784661 
430 19.300000 -53.960667 6.063403261627087 
431 19.310000 -54.164716 5.958407534349419 
432 19.320000 -54.360746 5.855459429965038 
433 19.330000 -54.548953 5.754514575303205 
434 19.340000 -54.729523 5.655529654723068 
435 19.350000 -54.902640 5.558462382626317 
436 19.360000 -55.068483 5.463271476743614 
437 19.370000 -55.227227 5.369916632174920 
438 19.380000 -55.379042 5.278358496151014 
439 19.390000 -55.524096 5.188558643504138 
440 19.400000 -55.662549 5.100479552825021 
441 19.410000 -55.794561 5.014084583277878 
442 19.420000 -55.920286 4.929337952066959 
443 19.430000 -56.039874 4.846204712519864 
444 19.440000 -56.153474 4.764650732781206 
445 19.450000 -56.261228 4.684642675098871 
446 19.460000 -56.363277 4.606147975667341 
447 19.470000 -56.459758 4.529134825039449 
448 19.480000 -56.550804 4.453572149067497 
449 19.490000 -56.636546 4.379429590365191 
450 19.500000 -56.717110 4.306677490278332 
451 19.510000 -56.792621 4.235286871348620 
452 19.520000 -56.863201 4.165229420247840 
453 19.530000 -56.928968 4.096477471179583 
454 19.540000 -56.990037 4.029003989732161 
455 19.550000 -57.046520 3.962782557159272 
456 19.560000 -57.098530 3.897787355094806 
457 19.570000 -57.146172 3.833993150669812 
458 19.580000 -57.189552 3.771375282037326 
459 19.590000 -57.228772 3.709909644273779 
460 19.600000 -57.263933 3.649572675671209 
461 19.610000 -57.295133 3.590341344379055 
462 19.620000 -57.322466 3.532193135420414 
463 19.630000 -57.346027 3.475106038032294 
464 19.640000 -57.365906 3.419058533359731 
465 19.650000 -57.382192 3.364029582458983 
466 19.660000 -57.394972 3.309998614636811 
467 19.670000 -57.404332 3.256945516075405 
468 19.680000 -57.410353 3.204850618771360 
469 19.690000 -57.413117 3.153694689760300 
470 19.700000 -57.412704 3.103458920622160 
471 19.710000 -57.409189 3.054124917262158 
472 19.720000 -57.402649 3.005674689957516 
473 19.730000 -57.393158 2.958090643662104 
474 19.740000 -57.380788 2.911355568566165 
475 19.750000 -57.365608 2.865452630899057 
476 19.760000 -57.347688 2.820365363962907 
477 19.770000 -57.327095 2.776077659412834 
478 19.780000 -57.303894 2.732573758746781 
479 19.790000 -57.278150 2.689838245021292 
480 19.800000 -57.249925 2.647856034779039 
481 19.810000 -57.219280 2.606612370179562 
482 19.820000 -57.186276 2.566092811341036 
483 19.830000 -57.150971 2.526283228861104 
484 19.840000 -57.113422 2.487169796542332 
485 19.850000 -57.073684 2.448738984298160 
486 19.860000 -57.031813 2.410977551230786 
487 19.870000 -56.987861 2.373872538898070 
488 19.880000 -56.941882 2.337411264738165 
489 19.890000 -56.893925 2.301581315668244 
490 19.900000 -56.844040 2.266370541836693 
491 19.910000 -56.792277 2.231767050540867 
492 19.920000 -56.738682 2.197759200286242 
493 19.930000 -56.683302 2.164335595005440 
494 19.940000 -56.626183 2.131485078411544 
495 19.950000 -56.567369 2.099196728503472 
496 19.960000 -56.506903 2.067459852190012 
497 19.970000 -56.444829 2.036263980067332 
498 19.980000 -56.381186 2.005598861314439 
499 19.990000 -56.316017 1.975454458712278 
500 20.000000 -56.249360 1.945820943797116 
501 20.010000 -56.181254 1.916688692118385 
502 20.020000 -56.111737 1.888048278626542 
503 20.030000 -56.040846 1.859890473167525 
504 20.040000 -55.968618 1.832206236084488 
505 20.050000 -55.895088 1.804986713933943 
506 20.060000 -55.820290 1.778223235302079 
507 20.070000 -55.744258 1.751907306721279 
508 20.080000 -55.667025 1.726030608692497 
509 20.090000 -55.588624 1.700584991796461 
510 20.100000 -55.509086 1.675562472902214 
511 20.110000 -55.428442 1.650955231468743 
512 20.120000 -55.346723 1.626755605931862 
513 20.130000 -55.263957 1.602956090182062 
514 20.140000 -55.180175 1.579549330124053 
515 20.150000 -55.095403 1.556528120321587 
516 20.160000 -55.009670 1.533885400714752 
517 20.170000 -54.923003 1.511614253430338 
518 20.180000 -54.835428 1.489707899651904 
519 20.190000 -54.746971 1.468159696575100 
520 20.200000 -54.657657 1.446963134430490 
521 20.210000 -54.567511 1.426111833579569 
522 20.220000 -54.476557 1.405599541678981 
523 20.230000 -54.384819 1.385420130906567 
524 20.240000 -54.292320 1.365567595262007 
525 20.250000 -54.199082 1.346036047922894 
526 20.260000 -54.105127 1.326819718666172 
527 20.270000 -54.010478 1.307912951353529 
528 20.280000 -53.915155 1.289310201463678 
529 20.290000 -53.819178 1.271006033701383 
530 20.300000 -53.722569 1.252995119640588 
531 20.310000 -53.625346 1.235272235440021 
532 20.320000 -53.527530 1.217832259602147 
533 20.330000 -53.429139 1.200670170786822 
534 20.340000 -53.330191 1.183781045675403 
535 20.350000 -53.230704 1.167160056886019 
536 20.360000 -53.130697 1.150802470931467 
537 20.370000 -53.030187 1.134703646231827 
538 20.380000 -52.929190 1.118859031164021 
539 20.390000 -52.827722 1.103264162165374 
540 20.400000 -52.725801 1.087914661871991 
541 20.410000 -52.623442 1.072806237306878 
542 20.420000 -52.520660 1.057934678102157 
543 20.430000 -52.417471 1.043295854770321 
544 20.440000 -52.313888 1.028885717004613 
545 20.450000 -52.209928 1.014700292027015 
546 20.460000 -52.105603 1.000735682971765 
547 20.470000 -52.000928 0.986988067298000 
548 20.480000 -51.895916 0.973453695247883 
549 20.490000 -51.790581 0.960128888334566 
550 20.500000 -51.684934 0.947010037865681 
551 20.510000 -51.578990 0.934093603497388 
552 20.520000 -51.472760 0.921376111826078 
553 20.530000 -51.366257 0.908854155004235 
554 20.540000 -51.259491 0.896524389393250 
555 20.550000 -51.152476 0.884383534243938 
556 20.560000 -51.045221 0.872428370407619 
557 20.570000 -50.937739 0.860655739074190 
558 20.580000 -50.830040 0.849062540537204 
559 20.590000 -50.722134 0.837645732990921 
560 20.600000 -50.614031 0.826402331347964 
561 20.610000 -50.505743 0.815329406088949 
562 20.620000 -50.397279 0.804424082132016 
563 20.630000 -50.288648 0.793683537732193 
564 20.640000 -50.179860 0.783105003397822 
565 20.650000 -50.070924 0.772685760841796 
566 20.660000 -49.961849 0.762423141945590 
567 20.670000 -49.852644 0.752314527747444 
568 20.680000 -49.743317 0.742357347459688 
569 20.690000 -49.633878 0.732549077500266 
570 20.700000 -49.524334 0.722887240544878 
571 20.710000 -49.414693 0.713369404606823 
572 20.720000 -49.304963 0.703993182129636 
573 20.730000 -49.195152 0.694756229101756 
574 20.740000 -49.085268 0.685656244192501 
575 20.750000 -48.975317 0.676690967900839 
576 20.760000 -48.865307 0.667858181732583 
577 20.770000 -48.755246 0.659155707380421 
578 20.780000 -48.645139 0.650581405938055 
579 20.790000 -48.534993 0.642133177118609 
580 20.800000 -48.424816 0.633808958493631 
581 20.810000 -48.314613 0.625606724753425 
582 20.820000 -48.204390 0.617524486972343 
583 20.830000 -48.094155 0.609560291902511 
584 20.840000 -47.983912 0.601712221271100 
585 20.850000 -47.873668 0.593978391096783 
586 20.860000 -47.763429 0.586356951028932 
587 20.870000 -47.653199 0.578846083681839 
588 20.880000 -47.542985 0.571444004003752 
589 20.890000 -47.432791 0.564148958643784 
590 20.900000 -47.322623 0.556959225338716 
591 20.910000 -47.212487 0.549873112318267 
592 20.920000 -47.102386 0.542888957704690 
593 20.930000 -46.992326 0.536005128947181 
594 20.940000 -46.882311 0.529220022252019 
595 20.950000 -46.772346 0.522532062033321 
596 20.960000 -46.662436 0.515939700368762 
597 20.970000 -46.552585 0.509441416472356 
598 20.980000 -46.442798 0.503035716173628 
599 20.990000 -46.333078 0.496721131414546 
600 21.000000 -46.223429 0.490496219742198 
601 21.010000 -46.113856 0.484359563834147 
602 21.020000 -46.004362 0.478309771009577 
603 21.030000 -45.894952 0.472345472768865 
604 21.040000 -45.785628 0.466465324335985 
605 21.050000 -45.676396 0.460668004204479 
606 21.060000 -45.567257 0.454952213704729 
607 21.070000 -45.458216 0.449316676568401 
608 21.080000 -45.349276 0.443760138510640 
609 21.090000 -45.240440 0.438281366815119 
610 21.100000 -45.131712 0.432879149931154 
611 21.110000 -45.023094 0.427552297075806 
612 21.120000 -44.914589 0.422299637846635 
613 21.130000 -44.806202 0.417120021840134 
614 21.140000 -44.697933 0.412012318280830 
615 21.150000 -44.589787 0.406975415654642 
616 21.160000 -44.481766 0.402008221352901 
617 21.170000 -44.373873 0.397109661317785 
618 21.180000 -44.266110 0.392278679703395 
619 21.190000 -44.158479 0.387514238536113 
620 21.200000 -44.050985 0.382815317385621 
621 21.210000 -43.943627 0.378180913040893 
622 21.220000 -43.836410 0.373610039195427 
623 21.230000 -43.729336 0.369101726133891 
624 21.240000 -43.622406 0.364655020428017 
625 21.250000 -43.515622 0.360268984640300 
626 21.260000 -43.408988 0.355942697030542 
627 21.270000 -43.302504 0.351675251267380 
628 21.280000 -43.196174 0.347465756149745 
629 21.290000 -43.089998 0.343313335331885 
630 21.300000 -42.983979 0.339217127049807 
631 21.310000 -42.878119 0.335176283860505 
632 21.320000 -42.772419 0.331189972378354 
633 21.330000 -42.666881 0.327257373026413 
634 21.340000 -42.561507 0.323377679780634 
635 21.350000 -42.456298 0.319550099931121 
636 21.360000 -42.351256 0.315773853836276 
637 21.370000 -42.246383 0.312048174694723 
638 21.380000 -42.141681 0.308372308309401 
639 21.390000 -42.037149 0.304745512862326 
640 21.400000 -41.932791 0.301167058694318 
641 21.410000 -41.828607 0.297636228089004 
642 21.420000 -41.724598 0.294152315055385 
643 21.430000 -41.620767 0.290714625123911 
644 21.440000 -41.517113 0.287322475136165 
645 21.450000 -41.413640 0.283975193048747 
646 21.460000 -41.310346 0.280672117732905 
647 21.470000 -41.207235 0.277412598781979 
648 21.480000 -41.104306 0.274195996324522 
649 21.490000 -41.001561 0.271021680831041 
650 21.500000 -40.899001 0.267889032939905 
651 21.510000 -40.796627 0.264797443274034 
652 21.520000 -40.694440 0.261746312263966 
653 21.530000 -40.592440 0.258735049980174 
654 21.540000 -40.490629 0.255763075959692 
655 21.550000 -40.389008 0.252829819041978 
656 21.560000 -40.287577 0.249934717209044 
657 21.570000 -40.186338 0.247077217419900 
658 21.580000 -40.085290 0.244256775459917 
659 21.590000 -39.984435 0.241472855783087 
660 21.600000 -39.883773 0.238724931365653 
661 21.610000 -39.783305 0.236012483552628 
662 21.620000 -39.683033 0.233335001919244 
663 21.630000 -39.582955 0.230691984121023 
664 21.640000 -39.483074 0.228082935762330 
665 21.650000 -39.383389 0.225507370252132 
666 21.660000 -39.283901 0.222964808674675 
667 21.670000 -39.184611 0.220454779655199 
668 21.680000 -39.085519 0.217976819229193 
669 21.690000 -38.986626 0.215530470718761 
670 21.700000 -38.887932 0.213115284604015 
671 21.710000 -38.789437 0.210730818404414 
672 21.720000 -38.691143 0.208376636555130 
673 21.730000 -38.593049 0.206052310290517 
674 21.740000 -38.495155 0.203757417529715 
675 21.750000 -38.397463 0.201491542760834 
676 21.760000 -38.299972 0.199254276929395 
677 21.770000 -38.202683 0.197045217331748 
678 21.780000 -38.105595 0.194863967503522 
679 21.790000 -38.008711 0.192710137118723 
680 21.800000 -37.912028 0.190583341879602 
681 21.810000 -37.815549 0.188483203423573 
682 21.820000 -37.719272 0.186409349213790 
683 21.830000 -37.623199 0.184361412451750 
684 21.840000 -37.527330 0.182339031968581 
685 21.850000 -37.431663 0.180341852144039 
686 21.860000 -37.336201 0.178369522802768 
687 21.870000 -37.240943 0.176421699128326 
688 21.880000 -37.145888 0.174498041572946 
689 21.890000 -37.051038 0.172598215770847 
690 21.900000 -36.956392 0.170721892450132 
691 21.910000 -36.861950 0.168868747348228 
692 21.920000 -36.767712 0.167038461129465 
693 21.930000 -36.673679 0.165230719303366 
694 21.940000 -36.579851 0.163445212145774 
695 21.950000 -36.486227 0.161681634615718 
696 21.960000 -36.392807 0.159939686282939 
697 21.970000 -36.299592 0.158219071250443 
698 21.980000 -36.206581 0.156519498077756 
699 21.990000 -36.113775 0.154840679710588 
700 22.000000 -36.021173 0.153182333406932 
701 22.010000 -35.928775 0.151544180667429 
702 22.020000 -35.836582 0.149925947165030 
703 22.030000 -35.744593 0.148327362678202 
704 22.040000 -35.652808 0.146748161022003 
705 22.050000 -35.561227 0.145188079982717 
706 22.060000 -35.469850 0.143646861256030 
707 22.070000 -35.378677 0.142124250379538 
708 22.080000 -35.287708 0.140619996670921 
709 22.090000 -35.196942 0.139133853171103 
710 22.100000 -35.106380 0.137665576576751 
711 22.110000 -35.016021 0.136214927186984 
712 22.120000 -34.925865 0.134781668845108 
713 22.130000 -34.835911 0.133365568875377 
714 22.140000 -34.746161 0.131966398035388 
715 22.150000 -34.656613 0.130583930454264 
716 22.160000 -34.567268 0.129217943580073 
717 22.170000 -34.478125 0.127868218130800 
718 22.180000 -34.389183 0.126534538035372 
719 22.190000 -34.300444 0.125216690387475 
720 22.200000 -34.211906 0.123914465392261 
721 22.210000 -34.123569 0.122627656317675 
722 22.220000 -34.035433 0.121356059446143 
723 22.230000 -33.947498 0.120099474024826 
724 22.240000 -33.859764 0.118857702220865 
725 22.250000 -33.772229 0.117630549073411 
726 22.260000 -33.684895 0.116417822448156 
727 22.270000 -33.597761 0.115219332994343 
728 22.280000 -33.510826 0.114034894098225 
729 22.290000 -33.424090 0.112864321841499 
730 22.300000 -33.337553 0.111707434959385 
731 22.310000 -33.251215 0.110564054796214 
732 22.320000 -33.165075 0.109434005268128 
733 22.330000 -33.079132 0.108317112819023 
734 22.340000 -32.993388 0.107213206383960 
735 22.350000 -32.907841 0.106122117347951 
736 22.360000 -32.822491 0.105043679509365 
737 22.370000 -32.737337 0.103977729040494 
738 22.380000 -32.652380 0.102924104452384 
739 22.390000 -32.567619 0.101882646556817 
740 22.400000 -32.483053 0.100853198431494 
741 22.410000 -32.398683 0.099835605385223 
742 22.420000 -32.314508 0.098829714920967 
743 22.430000 -32.230528 0.097835376705646 
744 22.440000 -32.146741 0.096852442533191 
745 22.450000 -32.063149 0.095880766292922 
746 22.460000 -31.979750 0.094920203938287 
747 22.470000 -31.896544 0.093970613453465 
748 22.480000 -31.813531 0.093031854823167 
749 22.490000 -31.730711 0.092103790000309 
750 22.500000 -31.648082 0.091186282879008 
751 22.510000 -31.565646 0.090279199260834 
752 22.520000 -31.483400 0.089382406828520 
753 22.530000 -31.401345 0.088495775116115 
754 22.540000 -31.319481 0.087619175480569 
755 22.550000 -31.237807 0.086752481074015 
756 22.560000 -31.156322 0.085895566817840 
757 22.570000 -31.075027 0.085048309372482 
758 22.580000 -30.993921 0.084210587114697 
759 22.590000 -30.913003 0.083382280109134 
760 22.600000 -30.832273 0.082563270083469 
761 22.610000 -30.751731 0.081753440404242 
762 22.620000 -30.671376 0.080952676049151 
763 22.630000 -30.591208 0.080160863586443 
764 22.640000 -30.511227 0.079377891148269 
765 22.650000 -30.431431 0.078603648408659 
766 22.660000 -30.351821 0.077838026559007 
767 22.670000 -30.272396 0.077080918285688 
768 22.680000 -30.193156 0.076332217749808 
769 22.690000 -30.114100 0.075591820560561 
770 22.700000 -30.035228 0.074859623758883 
771 22.710000 -29.956539 0.074135525790808 
772 22.720000 -29.878034 0.073419426491483 
773 22.730000 -29.799710 0.072711227061006 
774 22.740000 -29.721570 0.072010830043823 
775 22.750000 -29.643610 0.071318139312737 
776 22.760000 -29.565832 0.070633060044401 
777 22.770000 -29.488235 0.069955498703322 
778 22.780000 -29.410818 0.069285363020910 
779 22.790000 -29.333581 0.068622561977350 
780 22.800000 -29.256524 0.067967005784553 
781 22.810000 -29.179646 0.067318605864131 
782 22.820000 -29.102946 0.066677274834248 
783 22.830000 -29.026425 0.066042926489018 
784 22.840000 -28.950081 0.065415475781805 
785 22.850000 -28.873914 0.064794838808169 
786 22.860000 -28.797924 0.064180932790947 
787 22.870000 -28.722111 0.063573676060358 
788 22.880000 -28.646474 0.062972988040144 
789 22.890000 -28.571012 0.062378789231232 
790 22.900000 -28.495725 0.061791001196099 
791 22.910000 -28.420612 0.061209546542429 
792 22.920000 -28.345674 0.060634348908550 
793 22.930000 -28.270910 0.060065332948867 
794 22.940000 -28.196318 0.059502424318225 
795 22.950000 -28.121900 0.058945549657707 
796 22.960000 -28.047653 0.058394636581127 
797 22.970000 -27.973579 0.057849613659755 
798 22.980000 -27.899676 0.057310410408817 
799 22.990000 -27.825944 0.056776957274707 
800 23.000000 -27.752382 0.056249185619706 
801 23.010000 -27.678991 0.055727027712038 
802 23.020000 -27.605769 0.055210416708817 
803 23.030000 -27.532716 0.054699286646098 
804 23.040000 -27.459832 0.054193572426087 
805 23.050000 -27.387116 0.053693209802219 
806 23.060000 -27.314567 0.053198135370991 
807 23.070000 -27.242187 0.052708286556324 
808 23.080000 -27.169973 0.052223601599977 
809 23.090000 -27.097925 0.051744019548750 
810 23.100000 -27.026043 0.051269480243477 
811 23.110000 -26.954327 0.050799924307299 
812 23.120000 -26.882776 0.050335293135362 
813 23.130000 -26.811389 0.049875528883092 
814 23.140000 -26.740167 0.049420574455894 
815 23.150000 -26.669108 0.048970373497781 
816 23.160000 -26.598212 0.048524870382494 
817 23.170000 -26.527480 0.048084010201777 
818 23.180000 -26.456909 0.047647738755074 
819 23.190000 -26.386500 0.047216002541006 
820 23.200000 -26.316253 0.046788748745641 
821 23.210000 -26.246167 0.046365925235392 
822 23.220000 -26.176241 0.045947480544939 
823 23.230000 -26.106475 0.045533363868344 
824 23.240000 -26.036869 0.045123525051949 
825 23.250000 -25.967422 0.044717914581938 
826 23.260000 -25.898134 0.044316483577944 
827 23.270000 -25.829004 0.043919183784169 
828 23.280000 -25.760032 0.043525967558011 
829 23.290000 -25.691217 0.043136787865095 
830 23.300000 -25.622559 0.042751598267898 
831 23.310000 -25.554057 0.042370352919718 
832 23.320000 -25.485712 0.041993006554009 
833 23.330000 -25.417522 0.041619514480118 
834 23.340000 -25.349487 0.041249832570145 
835 23.350000 -25.281607 0.040883917255741 
836 23.360000 -25.213881 0.040521725518516 
837 23.370000 -25.146309 0.040163214882227 
838 23.380000 -25.078890 0.039808343405667 
839 23.390000 -25.011624 0.039457069675208 
840 23.400000 -24.944511 0.039109352798050 
841 23.410000 -24.877550 0.038765152393694 
842 23.420000 -24.810740 0.038424428588968 
843 23.430000 -24.744081 0.038087142009147 
844 23.440000 -24.677573 0.037753253772976 
845 23.450000 -24.611216 0.037422725483793 
846 23.460000 -24.545008 0.037095519224550 
847 23.470000 -24.478950 0.036771597550711 
848 23.480000 -24.413040 0.036450923484210 
849 23.490000 -24.347279 0.036133460505994 
850 23.500000 -24.281666 0.035819172551044 
851 23.510000 -24.216201 0.035508024002340 
852 23.520000 -24.150883 0.035199979682332 
853 23.530000 -24.085712 0.034895004851165 
854 23.540000 -24.020687 0.034593065197086 
855 23.550000 -23.955809 0.034294126832179 
856 23.560000 -23.891075 0.033998156285975 
857 23.570000 -23.826487 0.033705120501537 
858 23.580000 -23.762043 0.033414986828006 
859 23.590000 -23.697744 0.033127723015625 
860 23.600000 -23.633589 0.032843297211116 
861 23.610000 -23.569577 0.032561677950937 
862 23.620000 -23.505707 0.032282834157726 
863 23.630000 -23.441981 0.032006735134260 
864 23.640000 -23.378396 0.031733350557772 
865 23.650000 -23.314954 0.031462650476399 
866 23.660000 -23.251652 0.031194605303142 
867 23.670000 -23.188492 0.030929185810891 
868 23.680000 -23.125471 0.030666363128518 
869 23.690000 -23.062591 0.030406108735548 
870 23.700000 -22.999851 0.030148394458607 
871 23.710000 -22.937249 0.029893192463604 
872 23.720000 -22.874787 0.029640475255732 
873 23.730000 -22.812463 0.029390215671299 
874 23.740000 -22.750277 0.029142386875591 
875 23.750000 -22.688228 0.028896962357194 
876 23.760000 -22.626317 0.028653915924792 
877 23.770000 -22.564542 0.028413221701840 
878 23.780000 -22.502904 0.028174854123364 
879 23.790000 -22.441401 0.027938787930992 
880 23.800000 -22.380035 0.027704998170464 
881 23.810000 -22.318803 0.027473460185590 
882 23.820000 -22.257706 0.027244149616124 
883 23.830000 -22.196743 0.027017042392075 
884 23.840000 -22.135915 0.026792114731933 
885 23.850000 -22.075219 0.026569343137695 
886 23.860000 -22.014657 0.026348704391665 
887 23.870000 -21.954228 0.026130175551842 
888 23.880000 -21.893931 0.025913733949423 
889 23.890000 -21.833766 0.025699357185260 
890 23.900000 -21.773733 0.025487023125237 
891 23.910000 -21.713830 0.025276709898492 
892 23.920000 -21.654059 0.025068395891736 
893 23.930000 -21.594418 0.024862059748543 
894 23.940000 -21.534907 0.024657680364371 
895 23.950000 -21.475525 0.024455236882659 
896 23.960000 -21.416273 0.024254708694471 
897 23.970000 -21.357149 0.024056075432455 
898 23.980000 -21.298154 0.023859316968355 
899 23.990000 -21.239287 0.023664413411595 
900 24.000000 -21.180548 0.023471345103587 
901 24.010000 -21.121936 0.023280092617384 
902 24.020000 -21.063451 0.023090636751988 
903 24.030000 -21.005092 0.022902958533066 
904 24.040000 -20.946860 0.022717039205844 
905 24.050000 -20.888753 0.022532860235813 
906 24.060000 -20.830772 0.022350403303406 
907 24.070000 -20.772916 0.022169650303638 
908 24.080000 -20.715184 0.021990583340781 
909 24.090000 -20.657577 0.021813184727648 
910 24.100000 -20.600094 0.021637436982402 
911 24.110000 -20.542734 0.021463322825355 
912 24.120000 -20.485497 0.021290825178255 
913 24.130000 -20.428384 0.021119927157542 
914 24.140000 -20.371392 0.020950612077897 
915 24.150000 -20.314523 0.020782863445135 
916 24.160000 -20.257775 0.020616664954787 
917 24.170000 -20.201149 0.020452000490678 
918 24.180000 -20.144644 0.020288854122441 
919 24.190000 -20.088260 0.020127210101606 
920 24.200000 -20.031995 0.019967052861602 
921 24.210000 -19.975851 0.019808367013852 
922 24.220000 -19.919826 0.019651137346699 
923 24.230000 -19.863921 0.019495348820442 
924 24.240000 -19.808134 0.019340986569816 
925 24.250000 -19.752465 0.019188035898310 
926 24.260000 -19.696915 0.019036482276036 
927 24.270000 -19.641483 0.018886311339728 
928 24.280000 -19.586168 0.018737508889544 
929 24.290000 -19.530970 0.018590060886581 
930 24.300000 -19.475889 0.018443953451808 
931 24.310000 -19.420924 0.018299172862868 
932 24.320000 -19.366075 0.018155705553369 
933 24.330000 -19.311342 0.018013538110750 
934 24.340000 -19.256725 0.017872657273443 
935 24.350000 -19.202222 0.017733049930513 
936 24.360000 -19.147834 0.017594703118107 
937 24.370000 -19.093560 0.017457604018745 
938 24.380000 -19.039401 0.017321739958831 
939 24.390000 -18.985355 0.017187098408300 
940 24.400000 -18.931422 0.017053666976707 
941 24.410000 -18.877602 0.016921433413586 
942 24.420000 -18.823895 0.016790385605603 
943 24.430000 -18.770300 0.016660511574074 
944 24.440000 -18.716817 0.016531799475672 
945 24.450000 -18.663446 0.016404237598522 
946 24.460000 -18.610186 0.016277814361843 
947 24.470000 -18.557037 0.016152518313461 
948 24.480000 -18.503998 0.016028338130170 
949 24.490000 -18.451070 0.015905262612392 
950 24.500000 -18.398252 0.015783280687387 
951 24.510000 -18.345544 0.015662381403914 
952 24.520000 -18.292945 0.015542553932235 
953 24.530000 -18.240455 0.015423787564117 
954 24.540000 -18.188073 0.015306071706789 
955 24.550000 -18.135800 0.015189395888271 
956 24.560000 -18.083635 0.015073749749561 
957 24.570000 -18.031578 0.014959123046765 
958 24.580000 -17.979628 0.014845505649319 
959 24.590000 -17.927785 0.014732887537505 
960 24.600000 -17.876049 0.014621258802094 
961 24.610000 -17.824420 0.014510609642926 
962 24.620000 -17.772897 0.014400930366776 
963 24.630000 -17.721479 0.014292211387357 
964 24.640000 -17.670167 0.014184443223186 
965 24.650000 -17.618960 0.014077616495811 
966 24.660000 -17.567858 0.013971721930872 
967 24.670000 -17.516861 0.013866750353131 
968 24.680000 -17.465968 0.013762692689667 
969 24.690000 -17.415179 0.013659539964195 
970 24.700000 -17.364494 0.013557283299548 
971 24.710000 -17.313912 0.013455913915195 
972 24.720000 -17.263433 0.013355423124750 
973 24.730000 -17.213057 0.013255802337042 
974 24.740000 -17.162783 0.013157043054335 
975 24.750000 -17.112611 0.013059136869131 
976 24.760000 -17.062542 0.012962075467371 
977 24.770000 -17.012573 0.012865850622745 
978 24.780000 -16.962707 0.012770454198119 
979 24.790000 -16.912941 0.012675878144819 
980 24.800000 -16.863276 0.012582114500859 
981 24.810000 -16.813711 0.012489155389162 
982 24.820000 -16.764246 0.012396993017560 
983 24.830000 -16.714881 0.012305619678088 
984 24.840000 -16.665615 0.012215027744844 
985 24.850000 -16.616449 0.012125209673286 
986 24.860000 -16.567382 0.012036158001649 
987 24.870000 -16.518413 0.011947865344908 
988 24.880000 -16.469543 0.011860324399393 
989 24.890000 -16.420770 0.011773527938175 
990 24.900000 -16.372096 0.011687468812127 
991 24.910000 -16.323519 0.011602139947442 
992 24.920000 -16.275039 0.011517534345984 
993 24.930000 -16.226656 0.011433645083869 
994 24.940000 -16.178370 0.011350465310755 
995 24.950000 -16.130180 0.011267988249486 
996 24.960000 -16.082086 0.011186207193603 
997 24.970000 -16.034088 0.011105115508414 
998 24.980000 -15.986185 0.011024706629215 
999 24.990000 -15.938378 0.010944974060934 
1000 25.000000 -15.890666 0.010865911376357 
1001 25.010000 -15.843048 0.010787512216837 
1002 25.020000 -15.795525 0.010709770289807 
1003 25.030000 -15.748096 0.010632679369493 
1004 25.040000 -15.700761 0.010556233295134 
1005 25.050000 -15.653519 0.010480425971338 
1006 25.060000 -15.606371 0.010405251365952 
1007 25.070000 -15.559316 0.010330703510064 
1008 25.080000 -15.512354 0.010256776498352 
1009 25.090000 -15.465484 0.010183464485181 
1010 25.100000 -15.418706 0.010110761687798 
1011 25.110000 -15.372021 0.010038662382783 
1012 25.120000 -15.325427 0.009967160907109 
1013 25.130000 -15.278924 0.009896251656016 
1014 25.140000 -15.232513 0.009825929083718 
1015 25.150000 -15.186193 0.009756187701626 
1016 25.160000 -15.139963 0.009687022077642 
1017 25.170000 -15.093824 0.009618426837577 
1018 25.180000 -15.047775 0.009550396660885 
1019 25.190000 -15.001816 0.009482926284221 
1020 25.200000 -14.955947 0.009416010496821 
1021 25.210000 -14.910167 0.009349644142986 
1022 25.220000 -14.864476 0.009283822119599 
1023 25.230000 -14.818874 0.009218539376477 
1024 25.240000 -14.773361 0.009153790914951 
1025 25.250000 -14.727936 0.009089571788579 
1026 25.260000 -14.682599 0.009025877101010 
1027 25.270000 -14.637350 0.008962702007054 
1028 25.280000 -14.592189 0.008900041710191 
1029 25.290000 -14.547115 0.008837891463287 
1030 25.300000 -14.502128 0.008776246568587 
1031 25.310000 -14.457228 0.008715102375589 
1032 25.320000 -14.412414 0.008654454282109 
1033 25.330000 -14.367687 0.008594297731435 
1034 25.340000 -14.323047 0.008534628215173 
1035 25.350000 -14.278492 0.008475441269340 
1036 25.360000 -14.234022 0.008416732476491 
1037 25.370000 -14.189638 0.008358497463590 
1038 25.380000 -14.145340 0.008300731902011 
1039 25.390000 -14.101126 0.008243431507182 
1040 25.400000 -14.056997 0.008186592037873 
1041 25.410000 -14.012952 0.008130209295487 
1042 25.420000 -13.968992 0.008074279124770 
1043 25.430000 -13.925115 0.008018797411324 
1044 25.440000 -13.881322 0.007963760084095 
1045 25.450000 -13.837613 0.007909163110753 
1046 25.460000 -13.793987 0.007855002501245 
1047 25.470000 -13.750444 0.007801274304953 
1048 25.480000 -13.706984 0.007747974611760 
1049 25.490000 -13.663606 0.007695099549920 
1050 25.500000 -13.620311 0.007642645287120 
1051 25.510000 -13.577098 0.007590608029773 
1052 25.520000 -13.533967 0.007538984020883 
1053 25.530000 -13.490917 0.007487769542536 
1054 25.540000 -13.447949 0.007436960914120 
1055 25.550000 -13.405062 0.007386554490552 
1056 25.560000 -13.362255 0.007336546663339 
1057 25.570000 -13.319530 0.007286933861295 
1058 25.580000 -13.276885 0.007237712547337 
1059 25.590000 -13.234321 0.007188879219910 
1060 25.600000 -13.191836 0.007140430413344 
1061 25.610000 -13.149431 0.007092362694294 
1062 25.620000 -13.107106 0.007044672666012 
1063 25.630000 -13.064860 0.006997356963012 
1064 25.640000 -13.022694 0.006950412255335 
1065 25.650000 -12.980606 0.006903835243577 
1066 25.660000 -12.938597 0.006857622663503 
1067 25.670000 -12.896667 0.006811771280724 
1068 25.680000 -12.854815 0.006766277894599 
1069 25.690000 -12.813041 0.006721139335397 
1070 25.700000 -12.771345 0.006676352463941 
1071 25.710000 -12.729726 0.006631914173028 
1072 25.720000 -12.688185 0.006587821384585 
1073 25.730000 -12.646721 0.006544071052872 
1074 25.740000 -12.605334 0.006500660160214 
1075 25.750000 -12.564024 0.006457585718778 
1076 25.760000 -12.522791 0.006414844770219 
1077 25.770000 -12.481634 0.006372434385682 
1078 25.780000 -12.440553 0.006330351664019 
1079 25.790000 -12.399547 0.006288593732862 
1080 25.800000 -12.358618 0.006247157747907 
1081 25.810000 -12.317764 0.006206040892565 
1082 25.820000 -12.276986 0.006165240377243 
1083 25.830000 -12.236283 0.006124753439707 
1084 25.840000 -12.195654 0.006084577344367 
1085 25.850000 -12.155100 0.006044709383346 
1086 25.860000 -12.114621 0.006005146873278 
1087 25.870000 -12.074216 0.005965887157444 
1088 25.880000 -12.033885 0.005926927605771 
1089 25.890000 -11.993628 0.005888265612697 
1090 25.900000 -11.953445 0.005849898597532 
1091 25.910000 -11.913335 0.005811824004809 
1092 25.920000 -11.873299 0.005774039303930 
1093 25.930000 -11.833335 0.005736541989165 
1094 25.940000 -11.793445 0.005699329577524 
1095 25.950000 -11.753627 0.005662399610884 
1096 25.960000 -11.713882 0.005625749654925 
1097 25.970000 -11.674208 0.005589377297710 
1098 25.980000 -11.634608 0.005553280150750 
1099 25.990000 -11.595078 0.005517455849002 
1100 26.000000 -11.555621 0.005481902049809 
1101 26.010000 -11.516235 0.005446616432181 
1102 26.020000 -11.476921 0.005411596698934 
1103 26.030000 -11.437677 0.005376840572779 
1104 26.040000 -11.398505 0.005342345799519 
1105 26.050000 -11.359403 0.005308110145563 
1106 26.060000 -11.320372 0.005274131400057 
1107 26.070000 -11.281411 0.005240407370977 
1108 26.080000 -11.242520 0.005206935888680 
1109 26.090000 -11.203700 0.005173714803774 
1110 26.100000 -11.164949 0.005140741987120 
1111 26.110000 -11.126268 0.005108015330180 
1112 26.120000 -11.087656 0.005075532742893 
1113 26.130000 -11.049113 0.005043292157225 
1114 26.140000 -11.010640 0.005011291522550 
1115 26.150000 -10.972235 0.004979528808491 
1116 26.160000 -10.933899 0.004948002004568 
1117 26.170000 -10.895631 0.004916709117353 
1118 26.180000 -10.857432 0.004885648174735 
1119 26.190000 -10.819301 0.004854817220590 
1120 26.200000 -10.781238 0.004824214318688 
1121 26.210000 -10.743242 0.004793837550210 
1122 26.220000 -10.705314 0.004763685014453 
1123 26.230000 -10.667454 0.004733754829545 
1124 26.240000 -10.629661 0.004704045130310 
1125 26.250000 -10.591935 0.004674554068274 
1126 26.260000 -10.554275 0.004645279813431 
1127 26.270000 -10.516683 0.004616220552478 
1128 26.280000 -10.479157 0.004587374488807 
1129 26.290000 -10.441697 0.004558739843219 
1130 26.300000 -10.404303 0.004530314852147 
1131 26.310000 -10.366976 0.004502097768366 
1132 26.320000 -10.329714 0.004474086862061 
1133 26.330000 -10.292518 0.004446280418335 
1134 26.340000 -10.255387 0.004418676738638 
1135 26.350000 -10.218322 0.004391274140758 
1136 26.360000 -10.181321 0.004364070955987 
1137 26.370000 -10.144386 0.004337065533733 
1138 26.380000 -10.107515 0.004310256236550 
1139 26.390000 -10.070709 0.004283641443337 
1140 26.400000 -10.033968 0.004257219547554 
1141 26.410000 -9.997291 0.004230988956877 
1142 26.420000 -9.960677 0.004204948094255 
1143 26.430000 -9.924128 0.004179095397561 
1144 26.440000 -9.887643 0.004153429318166 
1145 26.450000 -9.851221 0.004127948322008 
1146 26.460000 -9.814862 0.004102650888882 
1147 26.470000 -9.778567 0.004077535512792 
1148 26.480000 -9.742335 0.004052600700888 
1149 26.490000 -9.706165 0.004027844975596 
1150 26.500000 -9.670059 0.004003266871067 
1151 26.510000 -9.634015 0.003978864934950 
1152 26.520000 -9.598034 0.003954637729819 
1153 26.530000 -9.562115 0.003930583829614 
1154 26.540000 -9.526258 0.003906701821421 
1155 26.550000 -9.490462 0.003882990306536 
1156 26.560000 -9.454729 0.003859447896915 
1157 26.570000 -9.419057 0.003836073218721 
1158 26.580000 -9.383447 0.003812864909847 
1159 26.590000 -9.347898 0.003789821621325 
1160 26.600000 -9.312411 0.003766942015204 
1161 26.610000 -9.276984 0.003744224766322 
1162 26.620000 -9.241618 0.003721668561596 
1163 26.630000 -9.206313 0.003699272099311 
1164 26.640000 -9.171068 0.003677034090188 
1165 26.650000 -9.135883 0.003654953255605 
1166 26.660000 -9.100759 0.003633028329730 
1167 26.670000 -9.065695 0.003611258056324 
1168 26.680000 -9.030691 0.003589641192292 
1169 26.690000 -8.995746 0.003568176504842 
1170 26.700000 -8.960862 0.003546862771842 
1171 26.710000 -8.926036 0.003525698782880 
1172 26.720000 -8.891270 0.003504683338207 
1173 26.730000 -8.856563 0.003483815248373 
1174 26.740000 -8.821915 0.003463093334588 
1175 26.750000 -8.787326 0.003442516429786 
1176 26.760000 -8.752795 0.003422083375426 
1177 26.770000 -8.718323 0.003401793024693 
1178 26.780000 -8.683909 0.003381644240363 
1179 26.790000 -8.649554 0.003361635895516 
1180 26.800000 -8.615256 0.003341766873177 
1181 26.810000 -8.581017 0.003322036066322 
1182 26.820000 -8.546835 0.003302442378583 
1183 26.830000 -8.512711 0.003282984721054 
1184 26.840000 -8.478645 0.003263662016906 
1185 26.850000 -8.444636 0.003244473197483 
1186 26.860000 -8.410684 0.003225417204078 
1187 26.870000 -8.376789 0.003206492986862 
1188 26.880000 -8.342951 0.003187699506313 
1189 26.890000 -8.309170 0.003169035730721 
1190 26.900000 -8.275445 0.003150500637972 
1191 26.910000 -8.241777 0.003132093216252 
1192 26.920000 -8.208165 0.003113812460143 
1193 26.930000 -8.174609 0.003095657375241 
1194 26.940000 -8.141110 0.003077626974246 
1195 26.950000 -8.107666 0.003059720280163 
1196 26.960000 -8.074278 0.003041936323456 
1197 26.970000 -8.040946 0.003024274142760 
1198 26.980000 -8.007669 0.003006732786304 
1199 26.990000 -7.974448 0.002989311309776 
1200 27.000000 -7.941281 0.002972008777391 
1201 27.010000 -7.908170 0.002954824261892 
1202 27.020000 -7.875114 0.002937756842414 
1203 27.030000 -7.842113 0.002920805608753 
1204 27.040000 -7.809166 0.002903969656742 
1205 27.050000 -7.776274 0.002887248090389 
1206 27.060000 -7.743436 0.002870640021868 
1207 27.070000 -7.710652 0.002854144571174 
1208 27.080000 -7.677922 0.002837760865049 
1209 27.090000 -7.645247 0.002821488038762 
1210 27.100000 -7.612625 0.002805325234334 
1211 27.110000 -7.580057 0.002789271602310 
1212 27.120000 -7.547543 0.002773326299277 
1213 27.130000 -7.515082 0.002757488489280 
1214 27.140000 -7.482674 0.002741757344538 
1215 27.150000 -7.450319 0.002726132044018 
1216 27.160000 -7.418018 0.002710611772727 
1217 27.170000 -7.385769 0.002695195724201 
1218 27.180000 -7.353574 0.002679883097656 
1219 27.190000 -7.321430 0.002664673100128 
1220 27.200000 -7.289340 0.002649564945401 
1221 27.210000 -7.257302 0.002634557852588 
1222 27.220000 -7.225316 0.002619651049685 
1223 27.230000 -7.193382 0.002604843769660 
1224 27.240000 -7.161500 0.002590135252234 
1225 27.250000 -7.129670 0.002575524744231 
1226 27.260000 -7.097892 0.002561011499225 
1227 27.270000 -7.066165 0.002546594775055 
1228 27.280000 -7.034490 0.002532273838796 
1229 27.290000 -7.002866 0.002518047961786 
1230 27.300000 -6.971293 0.002503916422114 
1231 27.310000 -6.939772 0.002489878503908 
1232 27.320000 -6.908302 0.002475933497692 
1233 27.330000 -6.876882 0.002462080699672 
1234 27.340000 -6.845513 0.002448319411741 
1235 27.350000 -6.814195 0.002434648942895 
1236 27.360000 -6.782927 0.002421068606040 
1237 27.370000 -6.751710 0.002407577722252 
1238 27.380000 -6.720543 0.002394175616516 
1239 27.390000 -6.689426 0.002380861619855 
1240 27.400000 -6.658359 0.002367635069689 
1241 27.410000 -6.627341 0.002354495308055 
1242 27.420000 -6.596374 0.002341441683384 
1243 27.430000 -6.565456 0.002328473549085 
1244 27.440000 -6.534588 0.002315590263535 
1245 27.450000 -6.503769 0.002302791191866 
1246 27.460000 -6.473000 0.002290075703471 
1247 27.470000 -6.442279 0.002277443173071 
1248 27.480000 -6.411608 0.002264892981074 
1249 27.490000 -6.380985 0.002252424512861 
1250 27.500000 -6.350412 0.002240037158430 
1251 27.510000 -6.319887 0.002227730314530 
1252 27.520000 -6.289410 0.002215503380398 
1253 27.530000 -6.258982 0.002203355762376 
1254 27.540000 -6.228602 0.002191286871067 
1255 27.550000 -6.198271 0.002179296121341 
1256 27.560000 -6.167988 0.002167382934815 
1257 27.570000 -6.137752 0.002155546735239 
1258 27.580000 -6.107565 0.002143786953468 
1259 27.590000 -6.077425 0.002132103023555 
1260 27.600000 -6.047333 0.002120494385593 
1261 27.610000 -6.017288 0.002108960482872 
1262 27.620000 -5.987291 0.002097500764719 
1263 27.630000 -5.957341 0.002086114683308 
1264 27.640000 -5.927438 0.002074801696850 
1265 27.650000 -5.897582 0.002063561267462 
1266 27.660000 -5.867774 0.002052392861884 
1267 27.670000 -5.838012 0.002041295950761 
1268 27.680000 -5.808296 0.002030270009357 
1269 27.690000 -5.778628 0.002019314517909 
1270 27.700000 -5.749006 0.002008428959499 
1271 27.710000 -5.719430 0.001997612822890 
1272 27.720000 -5.689901 0.001986865600401 
1273 27.730000 -5.660418 0.001976186787900 
1274 27.740000 -5.630980 0.001965575886587 
1275 27.750000 -5.601589 0.001955032401568 
1276 27.760000 -5.572244 0.001944555840439 
1277 27.770000 -5.542944 0.001934145716831 
1278 27.780000 -5.513690 0.001923801547221 
1279 27.790000 -5.484482 0.001913522853059 
1280 27.800000 -5.455319 0.001903309157569 
1281 27.810000 -5.426201 0.001893159990374 
1282 27.820000 -5.397129 0.001883074883224 
1283 27.830000 -5.368101 0.001873053372137 
1284 27.840000 -5.339119 0.001863094997390 
1285 27.850000 -5.310181 0.001853199302104 
1286 27.860000 -5.281288 0.001843365834375 
1287 27.870000 -5.252440 0.001833594144429 
1288 27.880000 -5.223637 0.001823883787111 
1289 27.890000 -5.194877 0.001814234320463 
1290 27.900000 -5.166163 0.001804645306436 
1291 27.910000 -5.137492 0.001795116310888 
1292 27.920000 -5.108866 0.001785646901453 
1293 27.930000 -5.080284 0.001776236651096 
1294 27.940000 -5.051745 0.001766885135979 
1295 27.950000 -5.023251 0.001757591934393 
1296 27.960000 -4.994800 0.001748356629250 
1297 27.970000 -4.966393 0.001739178806659 
1298 27.980000 -4.938029 0.001730058055571 
1299 27.990000 -4.909709 0.001720993968490 
1300 28.000000 -4.881432 0.001711986141473 
1301 28.010000 -4.853198 0.001703034173062 
1302 28.020000 -4.825008 0.001694137665709 
1303 28.030000 -4.796860 0.001685296225062 
1304 28.040000 -4.768756 0.001676509459259 
1305 28.050000 -4.740694 0.001667776979986 
1306 28.060000 -4.712675 0.001659098402129 
1307 28.070000 -4.684699 0.001650473343773 
1308 28.080000 -4.656765 0.001641901425131 
1309 28.090000 -4.628874 0.001633382270683 
1310 28.100000 -4.601025 0.001624915507392 
1311 28.110000 -4.573218 0.001616500764356 
1312 28.120000 -4.545453 0.001608137674936 
1313 28.130000 -4.517730 0.001599825874621 
1314 28.140000 -4.490050 0.001591565002101 
1315 28.150000 -4.462411 0.001583354698553 
1316 28.160000 -4.434814 0.001575194608350 
1317 28.170000 -4.407258 0.001567084378706 
1318 28.180000 -4.379744 0.001559023659325 
1319 28.190000 -4.352272 0.001551012102752 
1320 28.200000 -4.324841 0.001543049364727 
1321 28.210000 -4.297451 0.001535135102770 
1322 28.220000 -4.270103 0.001527268978307 
1323 28.230000 -4.242795 0.001519450654186 
1324 28.240000 -4.215529 0.001511679796451 
1325 28.250000 -4.188303 0.001503956073989 
1326 28.260000 -4.161118 0.001496279158530 
1327 28.270000 -4.133974 0.001488648723225 
1328 28.280000 -4.106871 0.001481064444775 
1329 28.290000 -4.079808 0.001473526002016 
1330 28.300000 -4.052785 0.001466033076269 
1331 28.310000 -4.025803 0.001458585351699 
1332 28.320000 -3.998861 0.001451182514955 
1333 28.330000 -3.971959 0.001443824254821 
1334 28.340000 -3.945098 0.001436510261854 
1335 28.350000 -3.918276 0.001429240230522 
1336 28.360000 -3.891494 0.001422013856356 
1337 28.370000 -3.864752 0.001414830838087 
1338 28.380000 -3.838050 0.001407690876576 
1339 28.390000 -3.811387 0.001400593674461 
1340 28.400000 -3.784764 0.001393538937222 
1341 28.410000 -3.758180 0.001386526372826 
1342 28.420000 -3.731636 0.001379555691017 
1343 28.430000 -3.705131 0.001372626604379 
1344 28.440000 -3.678665 0.001365738826564 
1345 28.450000 -3.652238 0.001358892074421 
1346 28.460000 -3.625850 0.001352086066930 
1347 28.470000 -3.599501 0.001345320524848 
1348 28.480000 -3.573191 0.001338595171418 
1349 28.490000 -3.546920 0.001331909732016 
1350 28.500000 -3.520687 0.001325263933083 
1351 28.510000 -3.494493 0.001318657505323 
1352 28.520000 -3.468337 0.001312090179439 
1353 28.530000 -3.442219 0.001305561689335 
1354 28.540000 -3.416140 0.001299071770333 
1355 28.550000 -3.390100 0.001292620159887 
1356 28.560000 -3.364097 0.001286206598294 
1357 28.570000 -3.338132 0.001279830826917 
1358 28.580000 -3.312206 0.001273492589249 
1359 28.590000 -3.286317 0.001267191630561 
1360 28.600000 -3.260466 0.001260927698965 
1361 28.610000 -3.234652 0.001254700543996 
1362 28.620000 -3.208877 0.001248509915897 
1363 28.630000 -3.183138 0.001242355569175 
1364 28.640000 -3.157438 0.001236237257629 
1365 28.650000 -3.131774 0.001230154739318 
1366 28.660000 -3.106148 0.001224107773012 
1367 28.670000 -3.080560 0.001218096118549 
1368 28.680000 -3.055008 0.001212119538607 
1369 28.690000 -3.029493 0.001206177797997 
1370 28.700000 -3.004015 0.001200270662238 
1371 28.710000 -2.978575 0.001194397899340 
1372 28.720000 -2.953171 0.001188559278376 
1373 28.730000 -2.927803 0.001182754571261 
1374 28.740000 -2.902473 0.001176983550621 
1375 28.750000 -2.877179 0.001171245991927 
1376 28.760000 -2.851921 0.001165541670289 
1377 28.770000 -2.826700 0.001159870364731 
1378 28.780000 -2.801515 0.001154231854628 
1379 28.790000 -2.776366 0.001148625921488 
1380 28.800000 -2.751253 0.001143052348596 
1381 28.810000 -2.726177 0.001137510920302 
1382 28.820000 -2.701137 0.001132001423088 
1383 28.830000 -2.676132 0.001126523644857 
1384 28.840000 -2.651163 0.001121077375288 
1385 28.850000 -2.626230 0.001115662404771 
1386 28.860000 -2.601333 0.001110278526539 
1387 28.870000 -2.576471 0.001104925534534 
1388 28.880000 -2.551645 0.001099603224830 
1389 28.890000 -2.526855 0.001094311393857 
1390 28.900000 -2.502099 0.001089049840530 
1391 28.910000 -2.477379 0.001083818365899 
1392 28.920000 -2.452695 0.001078616770656 
1393 28.930000 -2.428045 0.001073444858868 
1394 28.940000 -2.403430 0.001068302434426 
1395 28.950000 -2.378851 0.001063189303707 
1396 28.960000 -2.354306 0.001058105274510 
1397 28.970000 -2.329796 0.001053050155164 
1398 28.980000 -2.305321 0.001048023756667 
1399 28.990000 -2.280881 0.001043025890368 
1400 29.000000 -2.256475 0.001038056369396 
1401 29.010000 -2.232104 0.001033115008831 
1402 29.020000 -2.207767 0.001028201623754 
1403 29.030000 -2.183465 0.001023316032267 
1404 29.040000 -2.159197 0.001018458052471 
1405 29.050000 -2.134963 0.001013627504065 
1406 29.060000 -2.110763 0.001008824208881 
1407 29.070000 -2.086597 0.001004047989284 
1408 29.080000 -2.062466 0.000999298668880 
1409 29.090000 -2.038368 0.000994576073232 
1410 29.100000 -2.014305 0.000989880028435 
1411 29.110000 -1.990275 0.000985210362536 
1412 29.120000 -1.966279 0.000980566904296 
1413 29.130000 -1.942316 0.000975949483895 
1414 29.140000 -1.918387 0.000971357932933 
1415 29.150000 -1.894492 0.000966792084078 
1416 29.160000 -1.870630 0.000962251771242 
1417 29.170000 -1.846801 0.000957736829399 
1418 29.180000 -1.823006 0.000953247094948 
1419 29.190000 -1.799244 0.000948782405530 
1420 29.200000 -1.775515 0.000944342600029 
1421 29.210000 -1.751819 0.000939927517862 
1422 29.220000 -1.728156 0.000935537000046 
1423 29.230000 -1.704526 0.000931170889196 
1424 29.240000 -1.680929 0.000926829028103 
1425 29.250000 -1.657365 0.000922511261692 
1426 29.260000 -1.633833 0.000918217435242 
1427 29.270000 -1.610335 0.000913947395631 
1428 29.280000 -1.586868 0.000909700990626 
1429 29.290000 -1.563435 0.000905478069058 
1430 29.300000 -1.540034 0.000901278481180 
1431 29.310000 -1.516665 0.000897102077602 
1432 29.320000 -1.493328 0.000892948710707 
1433 29.330000 -1.470024 0.000888818233946 
1434 29.340000 -1.446752 0.000884710501126 
1435 29.350000 -1.423512 0.000880625367827 
1436 29.360000 -1.400304 0.000876562690344 
1437 29.370000 -1.377128 0.000872522326212 
1438 29.380000 -1.353984 0.000868504133500 
1439 29.390000 -1.330872 0.000864507971876 
1440 29.400000 -1.307792 0.000860533701896 
1441 29.410000 -1.284743 0.000856581184649 
1442 29.420000 -1.261726 0.000852650282646 
1443 29.430000 -1.238741 0.000848740859283 
1444 29.440000 -1.215787 0.000844852779025 
1445 29.450000 -1.192865 0.000840985907224 
1446 29.460000 -1.169974 0.000837140109944 
1447 29.470000 -1.147114 0.000833315254489 
1448 29.480000 -1.124285 0.000829511209233 
1449 29.490000 -1.101488 0.000825727843079 
1450 29.500000 -1.078722 0.000821965026354 
1451 29.510000 -1.055987 0.000818222629562 
1452 29.520000 -1.033283 0.000814500525159 
1453 29.530000 -1.010610 0.000810798585604 
1454 29.540000 -0.987967 0.000807116684598 
1455 29.550000 -0.965356 0.000803454696729 
1456 29.560000 -0.942775 0.000799812497654 
1457 29.570000 -0.920225 0.000796189963559 
1458 29.580000 -0.897705 0.000792586971698 
1459 29.590000 -0.875216 0.000789003400214 
1460 29.600000 -0.852758 0.000785439127959 
1461 29.610000 -0.830330 0.000781894034851 
1462 29.620000 -0.807932 0.000778368001342 
1463 29.630000 -0.785565 0.000774860909303 
1464 29.640000 -0.763228 0.000771372640607 
1465 29.650000 -0.740921 0.000767903078724 
1466 29.660000 -0.718644 0.000764452107482 
1467 29.670000 -0.696397 0.000761019611595 
1468 29.680000 -0.674180 0.000757605476664 
1469 29.690000 -0.651993 0.000754209589182 
1470 29.700000 -0.629836 0.000750831836172 
1471 29.710000 -0.607709 0.000747472105722 
1472 29.720000 -0.585611 0.000744130286634 
1473 29.730000 -0.563544 0.000740806268418 
1474 29.740000 -0.541505 0.000737499941295 
1475 29.750000 -0.519497 0.000734211196196 
1476 29.760000 -0.497517 0.000730939925120 
1477 29.770000 -0.475568 0.000727686020419 
1478 29.780000 -0.453647 0.000724449375689 
1479 29.790000 -0.431756 0.000721229885059 
1480 29.800000 -0.409894 0.000718027442836 
1481 29.810000 -0.388062 0.000714841944749 
1482 29.820000 -0.366258 0.000711673287235 
1483 29.830000 -0.344484 0.000708521367443 
1484 29.840000 -0.322739 0.000705386082345 
1485 29.850000 -0.301022 0.000702267330865 
1486 29.860000 -0.279335 0.000699165011575 
1487 29.870000 -0.257676 0.000696079024998 
1488 29.880000 -0.236046 0.000693009271124 
1489 29.890000 -0.214445 0.000689955651190 
1490 29.900000 -0.192872 0.000686918066783 
1491 29.910000 -0.171328 0.000683896420917 
1492 29.920000 -0.149813 0.000680890616422 
1493 29.930000 -0.128326 0.000677900557378 
1494 29.940000 -0.106868 0.000674926147859 
1495 29.950000 -0.085438 0.000671967293364 
1496 29.960000 -0.064036 0.000669023899746 
1497 29.970000 -0.042662 0.000666095873392 
1498 29.980000 -0.021317 0.000663183121041 
1499 29.990000 0.000000 0.000660285551035 
